1656
772 1378 56.02%
[2127, 4, 4, 4, 4, 4, 4, 3, 3, 3, 3, 3, 3, 3, 3, 3, 3, 3, 3, 3, 3, 3, 3, 3, 3, 2, 2, 2, 2, 2, 2, 2, 2, 2, 2, 2, 2, 2, 2, 2, 2, 2, 2, 2, 2, 2, 2, 2, 2, 2, 2, 2, 2, 2, 2, 2, 2, 2, 2, 2, 2, 2, 2, 2, 2, 2, 2, 2, 2, 2, 2, 2, 2, 2, 2, 2, 2, 2, 2, 2, 2, 2, 2, 2, 2, 2, 2, 2, 2, 2, 2]
884 2337 91
5
set([1088, 1728, 9184, 5297, 2824, 1680, 3569, 1365, 918, 1697, 4860, 1525])
set([1088, 1184, 1111, 1164, 1166, 1231, 1137, 1044, 887, 1241, 1150])
set([1184, 2113, 2659, 1860, 2789, 5574, 4199, 3915, 1230, 3216, 1394, 1043, 1875, 982, 1527, 1721, 1338, 955, 6099, 7269])
set([1088, 1184, 1111, 1164, 1166, 1231, 1137, 1044, 887, 1241, 1150])
set([1088, 1184, 1111, 1164, 1166, 1231, 1137, 1044, 887, 1241, 1150])
set([896, 1600, 1542, 1673, 1164, 1550, 1554, 915, 1302, 1625, 1688, 1565, 1695, 1568, 1514, 1065, 1706, 1693, 1584, 1329, 1586, 1718, 1591, 1336, 1594, 1595, 1727, 1728, 1601, 1602, 1603, 1611, 1615, 1104, 1746, 1494, 1624, 1113, 1626, 1628, 1631, 1632, 1634, 1723, 1636, 1637, 1511, 1513, 1130, 1643, 988, 1133, 1518, 1520, 1522, 1577, 1657, 1658, 893])
set([1282, 3397, 1450, 1164, 2926, 3151, 3060, 1369, 1178, 4667, 2462, 1279])
set([1088, 1184, 1111, 1164, 1166, 1231, 1137, 1044, 887, 1241, 1150])
set([4113, 4059, 1164, 1839, 985])
set([1153, 1282, 1861, 3143, 1164, 988, 1822, 1087])
set([1088, 1184, 1111, 1164, 1166, 1231, 1137, 1044, 887, 1241, 1150])
set([4261, 1166, 1427, 5717, 955, 2110])
set([1088, 1184, 1111, 1164, 1166, 1231, 1137, 1044, 887, 1241, 1150])
set([1281, 1602, 931, 2179, 2291, 3659, 1231, 3531, 1101, 3150, 5007, 1604, 2033, 1938, 1075, 4249, 1343, 3548, 1695])
set([1088, 1184, 1111, 1164, 1166, 1231, 1137, 1044, 887, 1241, 1150])
set([1129, 1555, 1044, 5934])
set([9473, 2706, 1044])
set([1088, 1184, 1111, 1164, 1166, 1231, 1137, 1044, 887, 1241, 1150])
set([1640, 1044])
set([2348, 4226, 2211, 1044, 2183])
set([3680, 962, 1282, 2540, 1954, 1043, 1044, 3322, 1087])
set([3642, 1699, 1044, 3605, 1375])
set([2701, 4801, 1218, 2723, 1156, 6657, 1129, 1197, 4046, 2031, 1044, 1241])
set([3205, 6056, 3199, 3313, 3922, 1044, 1461, 1274, 3263, 1413])
set([1044])
set([1861, 2540, 1044, 5688, 5370, 1724])
set([2278, 1420, 1044, 1397, 1944, 1241, 2325])
set([6657, 1044, 3149])
set([1084, 1044, 4301])
set([1044, 6372])
set([3625, 1011, 1044, 1671])
set([1793, 1044, 1135])
set([2848, 6946, 4771, 2309, 3622, 1070, 4493, 1230, 2834, 1044, 1461, 2554, 3002, 8191])
set([985, 4907, 1044])
set([1044, 2005, 6412, 5765, 3391])
set([1861, 3432, 3404, 1101, 1044, 2999, 7352, 2173, 4415])
set([5969, 5964, 1934, 3727, 3057, 5971, 5974, 887, 5967])
set([1088, 1184, 1111, 1164, 1166, 1231, 1137, 1044, 887, 1241, 1150])
set([5856, 4032, 1555, 1331, 5470, 887, 1467, 3870])
set([3680, 4673, 2437, 887, 2191, 1361, 1202, 2101, 1591, 8092, 9470, 1621])
set([5216, 1377, 1282, 931, 2180, 9002, 3915, 7085, 1131, 887, 955, 1565])
set([2794, 5934, 5459, 5014, 887, 2715])
set([2919, 7053, 1744, 1361, 2867, 887, 7290, 1498, 1055])
set([1957, 1958, 1960, 1965, 1838, 1133, 946, 1966, 887, 1976, 1979, 1980, 1982])
set([887])
set([7243, 6583, 7246, 1123, 887, 1047, 3069, 1727])
set([1728, 1709, 1361, 1075, 3294, 887, 2808, 985, 2846])
set([2400, 9825, 9826, 2627, 3085, 2222, 3375, 4496, 2801, 1586, 887, 1178, 955, 1373, 1695])
set([2319, 887])
set([1696, 2093, 1746, 1075, 887, 1274])
set([6689, 7683, 902, 7687, 1128, 3015, 1100, 1135, 1075, 887, 2492, 2815])
set([1088, 1184, 1111, 1164, 1166, 1231, 1137, 1044, 887, 1241, 1150])
set([1282, 3269, 6761, 912, 5969, 2130, 1241])
set([8641, 1474, 3521, 1035, 2541, 1135, 1241, 6012, 8637, 8639])
set([1297, 1891, 1241])
set([1241, 6322, 1671])
set([2179, 1931, 2191, 1680, 2196, 1821, 2091, 947, 2107, 2110, 2111, 2112, 1601, 1607, 2122, 2157, 1487, 1624, 1241, 1502, 1640, 1133, 2159, 2169, 2170, 2171])
set([1241, 1282, 1443, 2726])
set([1241])
set([3813, 1514, 6315, 1005, 1781, 1241, 2170])
set([2502, 2251, 943, 7410, 1241, 6749])
set([1944, 1273, 1813, 1241])
set([1241, 8865])
set([1241, 4850])
set([1241, 3069, 6153])
set([1441, 8465, 3592, 1359, 2152, 1586, 6229, 1487, 1944, 1241, 1531, 1694])
set([2041, 1394, 3317, 2094, 1241])
set([3783, 1559, 3023, 1555, 985, 1241, 1499])
set([1568, 6017, 1241, 1887, 3545])
set([1241, 2586, 3654, 1374])
set([1056, 1506, 1867, 1230, 6033, 3539, 889, 1241])
set([3936, 1473, 1241, 2852, 3855])
set([1241, 1891, 3860, 3397, 1129])
set([1867, 7205, 1396, 1707, 7442, 3828, 3291, 1241, 955])
set([2726, 1607, 7085, 2260, 1653, 1241, 2041, 2171])
set([1283, 1861, 1104, 3509, 1241, 4025, 1365])
set([4032, 2720, 4485, 2625, 4488, 1931, 4175, 1712, 1400, 1241])
set([2701, 4801, 1218, 2723, 1156, 6657, 1129, 1197, 4046, 2031, 1044, 1241])
set([2278, 1420, 1044, 1397, 1944, 1241, 2325])
set([1241, 3085, 1151])
set([1241, 2586, 4733])
set([1861, 1992, 1621, 6647, 6648, 1241, 6650])
set([904, 1241, 2927, 1777, 2615])
set([1088, 1184, 1111, 1164, 1166, 1231, 1137, 1044, 887, 1241, 1150])
set([4488, 2225, 1282, 1643, 1150])
Counter({-1: 737, 5: 312, 3: 118, 7: 104, 1: 89, 9: 16, 11: 2})
1378
