6400000	18180,13067,27155,2452,3991,18712,1570,9893,2600,20551,6352,28125,4528,15412,15672,3404,1739,3536,6880,24929,18658,11748,19751,10866,18038
1792000	9745,17438,5157,19514,23623,18508,13390,16463,27739,20154,29203,20585,21121,24598,27272,20630,16540,28319,1712,16500,12996,14969,24292,28937,8978,12586,15663,23351,6080,5962,28504,23914,23928,29269,3991,27544,11176,29104,20408,5054,10176,13259,6906,19198
5226500	27371,29234,17747,4058,7868
5279750	28675,22,23584,3752,23475,569,5185,9829,27257,25211,9340,24726,17055,15018,13997,13853,4795,14525,2240,23748,1222,15074,20736,27435,27396,21975,29465,18730,11571,2368,14780,13430,3991,28065,949,2999,20408,20411,16319,23508,21838,4571,27117,9712,17438,24054,29269
981000	19466,10269,17458,13749,24332,25676,11347,10329,26722,11196,2674,647,27160,21657,21146,14493,8816,18759,2257,2262,19690,16110,25839,23793,28410,22280,26378,16140,12674,13079,20764,18730,20279,24385,14153,7490,5009,24471,11687,11176,9643,16305,14261,4938,27119,26608,8689,2042
9123500	7868,15,10646,18456,15138,1831,6447,2610,5567,21459,14694,3307,20846
3903500	15019,11652,21899,25618,16540,21146,9633,15138,14261,28605,13888,24274,8148,4949,27609,9563,17647,1392,13430
1140750	17421,1563,27927,5667,7728,9549,5184,5643,22605,6741,23662,647,9894,2729,22194,7868,15567,3285,25309,1773,23282,28410,20750,3032,23831,15138,22329,5957,18517,21390,3937,17470,885,2945,414,17823,23475,27063,14155,16335,20449
5034000	19973,7692,27151,11793,22547,24598,5655,17945,12316,3626,5689,19021,21110,3723,17055,3755,5297,22706,13430,16077,15584,9486,17680,15639,13087,15138,8497,17212,17214,18290,23936,14728,9620,7070,14261,13240,10176,18371,10232
10840750	9472,7105,2669,6672,15637,1563,25758,21796,8689,29099,28985,12220,21565,24385,11605,9549,27994,15584,20457,13672,20728,15353,1237
6015000	19458,28527,12420,14597,7560,1666,28059,9885,1827,25510,4650,16939,20529,11186,16564,23861,8637,21565,23103,11201,16197,17034,967,13773,13240,27092,9301,10970,10203,9053,24788,25830,4326,19688,21865,7530,22508,6765,5693,23025,7282,25875,20603,29290,6399
3524750	10368,17920,5081,1966,15069,27625,4808,6868,24541,23273
8628250	12855,3586,26127,22547,24598,9906,4664,10329,28265,10879,24193,3723,27791,19416,9922,10948,14533,19166,24299,20607,18180,13067,20750,17181,11914,28481,21319,3926,11609,18805,21372,12173,7602,18875,14286,4582,16465,20979,509
6996000	25366,10264,18213,26050,4938,24277,7547
393250	1666,11780,4802,28052,10329,23237,13093,20154,7868,28813,18388
4259500	15019,22280,9111,12541,24598,17945,17055,22947,29084,2099,9567,13888,8005,23628,4949,22749,28391,6951,26605,23153,28410,251
190500	18465,4281,20425,18013,16607,28391,21865
1118250	6672,11793,10329,5661,3626,8278,21110,18712,6805,19096,2589,10970,24306,18167,25871,27415,13592,22317,20297,9582,18806,6041,29084,15297,14794,15320,5540,3068
5011500	29203,5652,15915,25651,21565,3658,25372,24689,17013,1155,3720,6796,9883,5319,20180,1756,23779,1831,16939,28937,2826,27407,643,1313,23895,10534,12285,4411,1852,14665,4949,21847,5482,21360,7059,2963,10136,11679,15515,20388,1446,13749,12220,7105,28098,2513,22489,2043
4606000	12435,29334,23197,14887,8240,21110
725000	7552,3720,14482,20846,17945,18597,7868,2257,18002,16986,26722,12394,4078,21110
7016500	16913,19993,26654,15631,6246,9322,6820,686,22749,25917,4424,1366,10584,5469,10616,23403,24446,7063,26007,934,23031
3795000	5185,26127,11670,24601,11687,29099,20648,6968,28985,12220,15934,12352,9802,476,4959,21865,23143,7251,14533
1528500	6158,15543,22113,3723,13998,28855,19539,11482,8420,14073,28410,23308,15320,12068,1831,18736,20800,7490,19859,28535,12162,414,679,18868,25526,9210
317500	6918,24975,22421,17559,4571,29099,28717,17851,7868,22029,6980,24015,16292,6877,14067,18805,9620
9244000	7737,8766,9806,14415,27779,16519,13471,9894,12489,201,22749,5863,27375,5403,22317,16605,14642,5943,22853,15189,24921,3935,3937,20859,11670,17393,7105,3536,22094,1003,8689
4317250	21393,5442,12173
9079500	13070,28059,12220,21071,4691,15199,27508,24447
11847750	17747,24447
8573000	6672,21091,10353,28435,21110,18084,6822,679,15018,23214,3444,7868,207,20720,24848,26401,11080,16110,22359,360,904,4494,14261,20408,20425,24026,4571,25052
9394250	19973,14894,19014,11857,23662,8822,8359,20661,6331,17087,3740,27856,25372,29473,14119,24425,22393,12674,19339,24471,8090,13737,23482,8637,4078,23031,26619,12285
1767500	2963,1563,28463,4411,619
3410000	16463,23416
10119250	27791,28828,27939,6326,5087,28747,19026,1245,22240,16722
2492500	26636,26655,19005,11849,14419,13911,10840,16534,7837,5803,18612,7868,19149,24784,5848,13020,10464,17647,24340,15661,18736,5962,25420,11665,11124,18312,20369,26533,2504,6090,14795,24039,23532
9076750	25729,1415,3720,18575,528,25372,5799,20979,7490,5712,14930,22368,21520,7015,16754,12285
11761750	3886,14493,20388,1831,13998,11857,15315,13020,5086,15584,20846,26619
1063000	3627,24196,24598,17031,22280,142,530,16918,21787,16540,17959,7208,15019,20551,22317,14165,3723,6591,7495,22353,21975,4571,3164,7866,5598,24929,18795,1008,13430,16376,28411,16302,25086
7320250	934,23793,414
3014750	22280,29203,5958,3228,23143,2353,8896,6605,3534,7868,1147,18558
11772000	24898,3697,39,24015,15761,17393,13779,13464
3114000	20536,19514,17483,11345,11380,24184,7868,17959,15138,1831,13112,24906,13135,19346,21916,8689
4454500	26114,15491,22667,24460,9633,16918,16281,23071,7728,16674,27974,3627,28631,14014,192,5185,3723,24929,21071,3553,19668,9486,15138,19417,2655,28653,25830,6382,8689,2042
7323750	14119,554,16079,29203,1182,17087
252500	18544,6199,14011,18741,6880,8528,13778,27483,6352,23656,23826,26608,15089
11782250	17748
4921000	18436,11849,20595,13430,4731,2033,14493,672,1739,13007,24015,27179,20184,11652,8689,6597,3032,2043
7483500	16775,1546,9486,18575,18196,11679,420,20548,11857,3228,17244,24869,10928,21865
1904750	2945,25888,15906,14065,4648,9138,7071,26815,8530,22484,11324,26860,20914,14120,21110,1151
8102000	7552,19671,10893,18990,4510,1051,18213,1461,28230,5591,12394,21110
8049000	3586,11324,19046,11897,3723,2729,10928,28360,26827,2257,23774,2804,17150,17664,12352,8202,14101,13603,2353,27955,7997,25418,14209,10645,27544,431,26546,1979,20896,26564,24517,15311,14294,14319,20979
3035250	22400,993,3904,11196,25352,14020
7184500	28161,23564,527,17958,16939,7221,18515,23662,17011,24180,16540,11458,14019,14533,6352,6868,29410,24541,24306,6908,18697,9018,24385,9030,24922,28391,18805,8426,11670,25488,26006,3228,10702,10193
10619000	14379,25260,18353,23604,20661,27711,4949,29547,251
7600250	19973,22533,28230,13394,6828,4281,10480,23793,14580,6908,18730,11052,24385,9549,5469,24415,27508,25488,12717,7611,10718,19962
4902250	21312,14580,14952,7070,15904,18730,27791,19570,11573,28727,7868,2626,11776,6724,8207,14794,2764,10718,6621,22756,3178,21112,18687
11397250	7762,23541
10185750	8805,1415
9179500	25407,11652,6796,27277,7977,20297,12220,12610,7762,12886,11196,5883
11972750	20373,22686,7071,27426,8122,21693,954,20708,4846
10234000	18950,11790,24601,8731,11810,6180,23589,2610,12346,2627,15438,7762,11347,10335,21092,12410,17024,26754,2695,3723,622,21657,7323,3740,7856,192,1731,13942,6868,3536,14074,3324,279,5410,24869,17199,25905,20796,24385,25424,23890,21846,27487,18275,13162,22898,18805,21372,7037,2942,7047,24457,5529,26011,10907,20551,16722,10673,5051,10176,19402,22484,26224,19416,22168,28653,12285,25086
3344750	26114,7173,17945,26972,28230,6740,10329,20579,26728,21110,4731,638,24196,684,5310,14020,14533,2771,3809,19690,2826,13067,11022,13079,28441,6880,16176,15138,5518,21865,28524,28017,16754,2421,7542,23928,25474,5015,29099,984
10393750	5598,10225,2683
4047000	1280,17794,7105,3720,24598,17945,9632,18183,22317,24385,18630,20551,7624,10188,28370,21865,14119,27785,27511,28410
12142750	26114,10760,7728,13888,23628,18002,19539,10329,637,21121,13998,3445,3273,22749,6880,28391,4896,28961,22330,9533,2375,11594,21838,27458,24977,2963,22947,10171,3536,8150,26605,19962
7588000	16918,12322,23604,12352,11842,3651,14919,11194,5254,13450,3723,17945,1739,22749,13070,18730,12078,22843,4452,28007,22898,24440,13888,11652,18829,11677,12717,14261,7105,1481,6109,1003,25086
11737250	14496,6988,10390
11022500	7179,15019,13450,3755,23245,28653,23025,23515
5187750	6431,21672,18730,29099,9133,13749,11194,7868,11080,2251,21838,19514,24168,16110,13561
1966250	7186,22547,17945,9242,22077,11328,9838,24178,251,6932,13592,4479,29099,9645,14261,23482,963,9195
10297000	28694,6698,24517,4306
8163500	3171,14593,19466,7692,6158,6672,28690,3417,24608,2099,16564,4571,14261,14664,23115,9297,8786,22439,25687,26722,21091,21092,9829,25192,5740,28783,12410,22659,11396,6792,6793,18275,4763,3228,25263,6856,20480,3252,15543,1056,18628,7375,14032,2257,28891,1253,13749,5876,27893,1273,28410,28411,23338,23802,3329,6701,13592,28839,29475,24869,1831,10788,23861,20279,3390,14048,27458,5962,21838,21390,10584,15935,20827,13669,17470,20846,19315,21481,23103,22421,15019,5517,11681,4003,10151,17389,679,25009,18868,19381,10329,1463,1467,24519,10706,22484,1358,21979,19421,251,16362,5458,19951,11253,12459,2042,25086
1531250	6820,24087,28214,16465,16979,599,527,20411,23662,21110,20090,7827,10390,21146,18075,13987,6092,19127,9912,3313,10999,4870,18196,25372,23338,28992,9549,24942,7026,12168,26523,22442,949,12216,21946,12220,15302,10188,22179,8662,27625,4078,10232,24060,510
8216750	19328,24461,13070,7708,10646,24471,22168,5157,934,3507,7479,12017,11328,4039,26871,11347,9175,9894,25329,27634,23031,23928,28410,12285
2232500	18963,6199,4683,11857,28791,3740,679,17577,14533,16077,29407,11000,28411,13070,284,6431,21865,12162,11679,14261,16836,251,2729
2797750	927,24616,17221,201,8689,14579
3363000	2217,26114,19203,12736,29465,282,8099,18868,24158,10680,22329,17835,5955,29084,3752,7260,16607,21862,3047,23793,15315
4184250	8719,9235,28694,3101,3619,18353,12840,26665,3627,7728,19381,8261,10329,26716,5738,619,23662,28790,10404,15019,14014,11470,9936,2257,17130,4845,7922,15617,11176,647,3390,24385,7490,27446,4949,24922,24923,21865,8565,22905,25488,6550,17330,14261,11196,6597,11080,15315,21982,5094,11767,9210
12173500	1415,1325,28184,3627,22607,28370,1237,29287,15721,21110,17535
3266750	13067,21659,29099,12220,12990,10176,14924,15315,26676,679,16126
9720000	13830,11280,9111,26781,8816,4281,9512,19894,16315,8257,9671,13773,2771,24922,28411,21092,8939,21485,14194,17747,17020
7892000	3586,19459,7692,16913,7059,3619,7208,29225,28770,7098,1122,9829,27155,13758,9340,24194,6287,25747,26267,20764,14194,22220,720,26659,4731,17960,17647,22898,14261,6395,22280,26380,15661,25372,5410,14118,3369,15153,21838,24942,28024,20630,24977,24471,26523,22947,5789,11196,4938,15311,8662,17060,19423,28411
12386500	2367
887500	27509
528250	18180,2963,26270,1570,18730,12977,11196,17606,28391,27117,27257,1916,21758
4716750	13757,8511,29146,6672,21495,13050,2683
9278500	8965,7847,8943,26546,20916,24307,22911
2476250	21110
4304250	24598,27426,679,3755,18868,14261,7868,19007,21092,15019,26860
7190750	1538,9413,27791,9072
3404000	17034,11983,22246,3047
11874000	599,22556,16672,20187,19668
1206500	5962
8051750	29203,2610,26378,8778,10872,5254,10893,16550,14020,18146,15079,4852,17141,2329,15138,1831,15159,27458,20803,20297,7015,29330,15745,21911,19855,24471,13737,29099,12220,4544,25029,26608,11773
12065000	24196
854250	22533,11857,5254,6817,18741,7096,970,11767
2187500	18185,7059,27806,8028,21423,1713,14399,28226,6305,4808,23628,24780,13007,1494,9953,4324,4201,24942,2963,16376
5655250	22016,20736,26114,9131,11790,22547,16406,21533,17438,18466,12055,22577,2613,17977,23621,20047,24658,3677,2655,24013,10866,3702,9340,11396,14469,13079,21657,23669,6817,4258,18630,5661,3760,15988,7354,7868,3254,377,3313,4338,17657,23338,15105,7427,26380,18024,4544,11571,7963,13853,14138,20300,21567,9563,11624,6520,12154,21883,10646,13720,28058,22944,29095,26031,8628,2999,11196,16319,6080,5369,3034,24036,11345,17906,21503
10944750	17920,29547,6294,6918,24193,13450,9817,21672,28230,8628,1461,12599,5185,11080,11465,12490,7373,28752,19414,19673,26619,1131,21501
11169500	11791,1040,12828,14894,19514,11330,8680,14596,21078,16988,9315,23171,18575,9842,14533,20641,7856,14020,7376,547,26840,20698,6864,3302,17640,17641,14261,6908,1282,18180,15110,13067,27407,26394,290,12606,2372,15423,12173,23890,143,12132,3438,18801,3647,27371,14573,917,3991,10136,21927,1966,19379,5557,12220,25029,25249,10688,29147,993,16550,26608
10539250	6531,5393,17835,8911,6621
1338750	19616,14141,27518,1431
10845500	17024,18075,17060,29099,20529,29497,13390,28631,28924
9163000	1546,5667,17476,28244,27737,10000,20079,3228,679,19632,10948,23750,5851,28936,7977,15171,2899,23896,18269,26464,22898,23108,7070,6571,23475,14261,5594,11687,24052
11936000	25488,21393,3482,16420,15831,5799,3804,1962,8494,19632,28470,11849,19514,10948,13512,15946,13773,15059,22359,22621,3935,23548,24942
6768000	16818,7827
8149250	28675,20490,23564,16406,700,2610,10933,23108,14925,8277,27407,8294,27760,26737,2173,5487,27792,25033,5796,1222,201,26341,7868,22280,11022,15631,15138,14119,6796,141,4949,21372,29334,21427,27063,12220,10176,24015,14294,14809,2535,19962
5898500	23433,3723,20529,15019,949,7105,21110,19668,10329,23284,637
1855750	9651
7797000	13067,6290,15890,1420,22156,16039,25908,15159,11679,13124,10124,24066,25698,2412,28788,7542,11768,10745
4115500	6731,1222,14470,27499,26619
9802000	3082,7740,13888,28752,29269,27231,12429,16540,28876,22220,28370,16140,15138,28985,12610,28475,18791,18795,22329,23418,2945,11160,13240,4538,29147,2526,9195,28653,21501
12215000	22016,25090,5640,6154,3088,16406,6701,16926,27791,19514,18491,15934,27711,9802,5133,25169,3164,7184,18544,23173,3720,9363,12444,1694,2160,11431,21672,28791,23246,2257,5336,14580,6904,5370,26605,24341,15639,13592,29465,24862,21815,21796,5940,2872,1340,3723,13537,28790,29331,5724,24811,23779,919,29099,7090,15302,27600,3151,7975,9695,20449,25570,19951,8689,22522
11391250	22244,17417,27998,28031
745750	27155,17945,3627,20551,21071,16540,19615,6331,24869,6880,25420,7061,11679,3228,21919,7105,2033,504,14048
799000	26660,14902,26722,2669,28605,17533,13450,24601,1717,11452,17096,22749,16607,23793,28947,24341,21796,6951,18730,10599,1903,22898,22947,16331,19416,3555,11687,12285
5082500	7105,5416,25372,10810,2655
2132250	6288,6164,8628,27390
5108000	26114,28675,17958,2739,23604,1591,23628,10329,3723,4254,21672,3252,24245,16782,2257,12068,13020,22749,15584,5863,14580,15094,9975,18730,13079,27117,26308,18868,12586,20279,28896,28484,20297,18032,24929,21390,2042,27539,2963,14286,19673,29203,6672,11687,26605
9513250	8719,22546,28694,17945,22319,599,4709,23662,27255,1155,23698,10404,3759,2762,28370,17958,4329,21121,12055,6447,13084,4411,17214,4949,22359,24929,20846,18805,17273,2367,7061,2945,10136,7613,11203,8676,23021
5726500	25090,19973,17959,5680,4157,8261,27777,25733,28333,14020,4300,5848,28391,12016,2319,789,25372,2693,1831,23338,11080,10059,8528,3926,4970,10097,29072,11670,10171,8640,9153,10176,14796,13779,28410,17394
10185000	2593
10401500	28675,26121,19466,6158,11793,17945,21533,18465,23604,9340,21140,18075,15018,3313,6868,23793,28410,23338,11052,2899,12181,22400,7096,16836,19920,2033
3326250	13450,12271,25372,9389,17232,6820,5725,18173
8243500	27529,22027,21869,17945,7708,21552,24869,17958,25052,18353,11849,8010,5015,20449,25193,23662,27508
2920750	26114,6154,24598,5655,17945,26,17533,26716,20411,19814,16302,11280,23662,13757,19574,4795,21527,12068,21672,17577,25260,19632,12977,13494,14014,192,15478,6352,28883,27575,28896,22757,24616,23740,14261,251,6918,26380,8978,14119,23338,8669,3888,29490,20279,17728,3935,19340,25488,9632,11176,19361,23487,4683,11725,19920,5454,13278,679,12285
3742000	17470,11851,83,26722,6766,29330,7868,14019,4731,6918,22319,21847,27791,20846,12674,29099,19381,13784
2771250	14360,2128,7311,7827,11452,26314,23251,20694,22232,16609,19179,3822,255,18697,13070,284,28463,29490,17747,24415,2963,2945,24471,26011,3313,12717,23475,7613,21955,15814,476,480
847750	18946,23304,27406,28825,26521,25500,5317,6049,8868,5640,6193,13995,9390,1073,19891,21684,12728,2655,12734,15813,11080,9848,18258,21838,8662,27739,16607,27363,21094,22353,23656,22511,18024,13682,28149,21110,2684
9437500	23563,12168,20661,12728,6728,13020,15718,2683
4370750	7168,17024,18027,16653,27155,15638,1051,7456,21815,17058,27939,5799,27437,7856,2610,27448,26171,16829,3723,15716,21110,2655
4680000	16672,19970,6147,14213,25372,12754,27899,28382,23013
9394500	20626,16540,14533,29472,4571,6828,26722,26712,23781,28535,14588
12061000	17058,16463,21110,18075
4378500	1966,8637,7105,4571,8689
10322250	18575,8724,284,2353,2227,7868,1731,25559,8038,1903
7361250	8719,12400,24541,22893,20207
4850000	15446,9790,23632,27272,3228,11969,23241,6352,12512,28391,28985,25420,11605,14678,6021,1428,12271
5980500	27155
5220750	24196,28438,14488,12977,21431,25933,8943,8689
145750	7409,24242,22099,21110,11196
7367000	647,13070,16534,9111,24986,11679,8099,3627,21533,4918,14020,17221,20297,4683,3151,21336,10970,18025,12394,21110,28411
10492250	6148,14342,2739,18485,28752,28780,26738,8327,143,24726,201,22731,22736,251,281,18730,22843,12606,18805,6538,2452,24984,20897,27044,12747,16849,25099,6918,2602,16939,20955,14919,599,8816,2684,25214,647,29331,6842,13070,11061,2898,21336,21337,27508,27511,19337,11176,5035,27567,7105,11203,5098,17393,23549,25631,3135,15449,3176,3181,7354,25792,11465,17653,13568,9504,3384,3396,11604,11687,7611,17914,11793,28196,22058,22076,20029,20045,11857,24674,3723,18075,3740,3775,7922,24359,12072,5429,22393,24471,14250,1975,12220,28605,26559,26561,22482,12259
11579750	19457,12688,23841,679,11196,29247,26722,12853,29267,8410,26972,24869,12132,22380,15217,14580,18805
6257000	17794,7706,16540,17459,21427,27446,26699,23628,21071,19668,25372,28411,12285
1446250	1155,7105,6290,19993,25372,13461,15138,11688,12977,21427,15159,23482,28992,20297,4683,20180,21852,2655,15584,21217,16849,11196,4078,17470,2042,2683,28181
6619500	9472,25488,26114,15089,16550,8689,12078,4281,7868,11465,21067,28370,11604,29531,21110
10768750	24323,6672,25260,11850,4683,21840,2262,22749
10566000	28053,13554,8637,9486,11487,23284,21110
6523250	24196,17926,13976,16540,17823,17060,17835,27446,8901,15315,4411
11440500	29203,16918,8751,20551,19544,10329,26722,22463,637,5254,27789,11923,15584,8433,14209,2826,20952,11052,12606,9072,22898,22393,4993,7560,24471,3228,14261,476,1010
10756500	15033,8816
5968250	26516,11670,20388,12977,22836,6331,13007,21840,29396,10329,1756,25570,23697,4731
11141500	21657,2945,23475
5910250	2240,21092,554
4392000	2610
4186500	7105,23620,12394,24196,11196,16126
12229000	27529,8269,17389
1530250	14120
1629250	22,24601,10268,8236,7727,9398,17995,18874,23656,643,24196,143,6820,9899,7868,11983,1756,7632,7914,16110,22280,28937,20747,17372,7568,16754,21392,9120,422,29099,29104,9678,13264,25556,8662,20979
3684750	12431,1831,25559
5999000	24590,20630,26270
12239250	25618,7720,949,21431,1121,24170,18075,28333,7354,11963,7868,14014,18630,26829,5856,5876,21838,27483,8043,16754,8767,27052,16814,23475,14261,14157,6621,24570,26619
3588500	25090,22533,24598,4644,5157,6701,2739,15934,3719,18024,26736,20096,647,19101,5797,5306,8389,28535,23805,29464,17005,22244,16620,23284,18730,7432,13067,24844,13070,18712,282,29473,1831,12285,25260,4949,20831,3433,29039,1392,7542,10731,3393,25488,21400,7576,3740,11696,16305,4538,10702,13784,5598,29095,24562
5248750	28297,23662,3228,15019,2227,7862,19514,20668,23623,21838,6863,24024,10329,9574,26988,15086,13430,28924
11321750	21506,7297,19466,22,14360,15390,3760,8236,7747,27205,6242,10340,21094,12586,10879,11905,4238,28391,13592,29330,14483,4262,5799,22189,10928,9906,21684,7868,4294,23241,13537,29418,17661,3847,8978,18197,26904,21283,24869,21815,7997,28481,21838,27473,21847,16217,22880,13371,24966,12358,21148,29099,13745,7612,10694,4052,13787,12252,3564,4078,7933,28662,23031
10095000	21390,7963,25372,28463,6203,3740,28752,21092,4452,22393,11260
8100250	12352,26722,27117,15730,8122
11225500	9626,20388,19974,15534,27331
1806750	26394,21683,23868,16463,12271,18558
10052000	6548,22126,25372,5662,11696,17461,16448,7620,908,6878,7278,7541,12884,3093
11129250	17920,25092,25099,11790,24598,24601,26,9838,16936,3627,13375,12358,14922,29265,13909,10329,26716,26722,15718,28270,2683,25733,2156,143,11426,5285,11435,23214,20595,27509,2257,28370,23251,5848,16104,14577,12541,11687,28924,16689,23861,11065,21838,24415,14265,18805,14724,1938,4499,2971,2999,13240,26561,24015,4571,17372,24541,13793,14931,10232,19962,27135
7854500	17958,14902,29203,7323,679,19668,6880,14580,26378,19217,25372,4949,2421,7552,14261,12285
2737250	29473,215,4571,3047
10521000	27686,13865,2609,17920,9788,15935,22092,27739,20668,4351,2167,7310,3228,9389,7868,27255,2805,28340,8978,15138,15672,11080,9045,15761,26067,6652,15359
8430000	679,7354,8637,27328,17771,10480,20979
415500	28435,27415,14360,13084,21442,23623,194,26963,3151,120,23164
8280500	4662
3981750	8717,14887,16939,28936,17478,18024,11196,20591,5796,26829,2257,16082,28399,13784,22280,27407,14625,4411,2367,22400,3228,6080,7105,19928
5059000	4366,16668,13484,12512,11974,23662,17783
5024500	6145,19974,8719,22547,3627,5680,7737,13888,9802,2128,17491,11196,12394,21110,11396,18114,16550,25260,7868,22731,2257,8914,22749,20756,281,476,7473,24385,22898,18805,10106,12168,21400,10136,29083,20382,29095,13240,14265,12220,7105,7620,17372,17748
6957500	22029,15935,16463,10893,21145,19615,7868,14014,9946,1831,27894,25372,7976,23861,27448,12606,5962,24415,11624,7314,905,22958,8948,21445,19725
4557250	29472,1831,13518,19052
8230750	14469,27181,23601,11461,21841,25687
3895750	13247,23621,17254,1743,8689,12475,9724,5469,12606,12933
9069000	18457,3627,5185,21067,19217,25193,23662,26754,19601,3752,6319,14521,9620,2257,28391,15608,5863,12052,475,11080,12627,21869,7542,6805,12220,24471,11196,15302,24015,13779,1493,19937,8689,26614,16889
5847500	27908,22406,11329,22280,13962,6672,8978,11807,17995,21838,20831,16624,4601
7545250	3329,17835,778,17037,14381,11029,17237,16407,3228,11679,17058,23209,29099,5725,14020,510,9912,6621,5310,23878,20154,14030,8149,4694,143,25309,19021,16612,27238,25447,14887,7335,9846,17400,7545,25340,6143
4876750	20536,11431,21950,23999,14150,11080,22613,9838,4080
9794000	17835
6572500	5797,6868,7963
1047000	21110
1710500	10247,22547,18485,12352,19570,8313,24429,24726,2729,25260,21246,26380,18730,22330,13648,5506,25488,11587,29084,28065,3228,17330,25526,8637,1481,23002,17372
11340250	23233,22946,23340,13998,19379,6215,1570,12394,14071
12417500	16913,15138,5478,24819
5952250	8327,5640,24471,17945,28316,8637,15831,17060,21071,5094,12285
3954500	12162,6039,14360,11447,26315,28881,15584,4709,14952
4844000	26114,8277,10329,192,28370,1831,26378,13592,25372,14119,22853,4949,10596,11176,3534,3555,4078
10578000	2432,3329,28937,16406,5399,20505,20896,422,18227,13240,7868,19814,18024,14073
1074500	4510,24611,6052,1324,13374,10124,18381
1622500	4621,15405,26633,21565,9297,6595,21659,16540,679,25260,2257,24831,28418,9988,16134,24869,15159,11080,2891,18771,4959,18805,23420,9087,23779,14664,11196,12734,8138,8148,24911
3723750	2826,20846,21672,20154,14020,3406,2655
12377250	22016,5640,3101,5667,29231,27191,12379,2655,116,9340,16918,8845,20630,25240,24730,7868,1739,21539,10454,22749,11524,25372,15138,1831,22329,6880,21838,8528,17759,23904,24929,21351,2410,27205,19179,7560,24471,17320,17835,13240,9975,19405,3024,1501,5799,4078,8689,6740,9210
3009000	18353,26754,24196,21975,27407,8724,27927,21657,28411,21533,15138,12964,12327,11176,554,15019,23214,3228,3390,14261,7817,19514,28347,15934,17732,5957,19014,23623,11849,12977,24907,28621,1230,21840,18388,7230,14695,679,10604,10480,17470,11000
3317500	25099,22547,13998,7708,21533,16926,24616,3627,2610,8767,22113,27155,14482,679,1731,14533,10970,14074,19203,11543,29465,11624,22898,27514,14261,7105,16836,16331,22947,24542,5116
1782250	24460,13884,8637,15478,18002,10329,22889,15602,251
3511000	24196,12556,29203,2610,12996,2655,2826,16079,6868,13020,20857
8327250	14917
10592750	28675,24196,19974,18697,25488,19416,24341,17945,17055,13093,24616,24385,18626,3804,984,251,16255
11158000	13160,8327,28333,12977,239,251,23338,19207,9000,26422,9563,6520,15799,8637,6101,6738
1194750	25642,16944,4658,7737,23621,20551,25169,2669,13430,14969,6817,679,192,7400,19690,1791,11022,19160,22884,7037,6543,22961,14261,12737,11734,6104,13278,8689
309750	4545,12164,28653,12431,13588
2364500	13757,20471,24061
64000	2455,9912,11080,22218,20565,6621,1379,12394
10592000	29265,26728,12394,8816,18075,3228,27319,17606,28410,215,16607,13264,6932,17212,1831,18730,21838,11651,2440,6029,25488,2963,4510,11176,8628,12220,26576,19416,4571,24541,24788,11767,10232
1909250	19974,5131,23470,27683,20516,11330,24645,2655,22131,21110,15992,14467,10378,679,25372,6326,23736,11449,20154,22736,19668,28410,18180,22280,2826,24848,10014,20297,18829,23896,26974,29032,17771,2963,4510,27205,22958,16818,24059
5751500	25488,284,11679,7025,3228,24878,6199,17055,20279,6348,15315,13776,15086,2033
10773000	16939,11889,3627,18697,6931,18805,10620,9620,6037,11176,2999,11196,17400
9706000	4102,7179,20313,17945,7220,3639,7737,21050,9275,3850,21567,15943,18508,4795,26728,14780,1654,27257,8327,3723,10395,20636,4262,679,18600,26284,5661,20180,13500,16929,22736,12068,13551,23284,29313,22280,12588,11022,16693,15114,25260,23884,849,11602,20297,16242,5470,26464,21865,21869,11328,6039,25488,27539,16279,21533,20388,18855,29099,22444,21938,16823,12220,16800,451,10180,13765,28621,17661,22446,29153,14821,7978,19026,21672,4088,6740,22522
1319000	16787,17429,7070,21539,5797,12717,10948,1237,24942
4895250	6680,26308,6728,11857,23662,14533,9894,6331,20676,15478,23251,5848,24541,16624,28418,18697,13079,25372,8038,24385,23475,26564
1620500	15138,14887,1195,23479,444,28774
5769750	28177,22638,21110,28815,2257,28885,7409,24344,18202,15146,9072,6548,4497,2455,11687,15315,14294,6617,4059,26614
7103000	23589,28710,2610,15423,13891,26722,21091,12394,22636,8816,679,15019,3249,25782,14020,15558,11465,14071,20736,14603,25372,17181,12586,11563,360,29547,27508,13375,27458,15761,11174,11176,14764,16818,8628,14580,9683,4059,24542,28653,15821
9972250	28809,6287,29334,12183,934,1831,15534,15408,16058,12606,2655,8039,5995,15473,1010,22131,21110
2910750	1372,24425,19828,4039
5780000	7682,1773,8439,7648,15534,24598,21533,15390,16305,7208,3627,19523,5705,18522,25338,26744,22168,16836,14292,2722,17061,19113,14917,5814,26308,14533,7133,22731,24274,8313,5848,23781,9340,24788,13569,262,29269,24869,11022,18712,11080,10014,21796,18736,12865,17214,20800,1533,10058,21865,17470,20858,7037,13888,27523,3482,27117,6569,19903,16320,15811,27092,4571,20444,24541,5094,1000,28181,11385,23549
8649250	16939,2826,19346,29203,16305,21819,18024,4078
9982500	6805,8473,22484,1849,9838,2683
2940000	15935,21091,23662,646,14011,28369,2257,12977,14580,11029,11659,29490,2868,1337,25914,10064,19835,24001,24519,27604,20462
10915250	5254,21911,15901,13873,8625,19138,2504,9045,475,25312,27497
776750	22529,26114,24598,7208,16939,1093,21092,21862,8816,24704,3228,679,10928,13491,2257,13020,22749,28391,16110,3329,27401,26378,19416,12285,23407,22393,10532,7061,29084,3503,948,14261,20411,22400,15815,5454,28239,13278,22043,2352,7080
5438000	4580,3046
371250	7680,16448,20611,17151,13709,2576,3416,6803,15401,18316,8622,14395,14400,12489,8397,23512,25104,9834,1004,21110,22889,25596,25599
3293750	17922,22508,1167,11665,28444,3627,2233,25935,5856,29290,6005,24311,27257
4059500	28164,11793,26643,7710,10272,23984,13884,24196,7868,1242,16110,14577,21796,805,14120,27446,10039,9549,26969,18805,15089,16540,29099,19890,14261,21946,11196,10694,1993,19277,8166,20455,27637
5994250	18180,7827,11396,15655,7611,26216,3552,25679,8816,11253
434750	24332,24849,3350,23327,7718,3228,18611,28216,13888,25666,7754,16972,3536,15322,4571,12394,12656,21110,6394,25086
12008000	11904,6918,18697,24977,25618,15534,25246,3185,7208,647,8365,2739,1591,7868,11199,6465,27458,20425,24274,17081,15197,17647,27893
8060000	27544,21565,28098,16722,18024
5292000	11670,5151,10097,21672,4316,25071,18805,12022
9351750	17921,4374,26763,28174,25372,15146,11080,20158,10329,993,28391,22505,4078,14580
11167500	2469
7345250	26894,12040
10642000	8628,8257,23621,6219,8327,23831,15507,7323,3228,679,11465,20180,5856,14580,251,29473,21796,20279,25090,25427,4949,21334,7567,2960,19814,26114,2367,7105,26508,10645,7576,11176,1966,18868,8637,20896,15299,2000,2513,3032,4580,27625,22781,8689,24562,28149,11604,2043
12231250	16390,647,12818,21657,5529,23202,19238,26288,14261,4410,7611,12220,7370,20180,18273,26722,21865,23793,19058,27508
12028500	24581,15368,19891,15426,18024,17024,16540,25260,14533,5858,18665,24849,3892,28481,17739,27985,8027,21565,396,1428,28059,11679,11684,13747,21941,19949,9213
12337750	133,647,5656,26,5670,554,19421,22629,15975,19196
5735000	8535,2319,3417,16975,19632,23487,5845,15138,18824,5470,19893,8566,12168,15352,21503
10598500	11776,7105,24332,18575,155,17574,679,12220,24385,6988,14165,16550
9628250	18024,12329,2574,28360,11767,27544,7323,7868
4102750	2176,1666,24325,13070,17682,24611,4919,25656,19021,26894,26843,5093,18286,14069,25595,28924
10609250	18180,5650,10948,25715,26564,16463,5330,599,7250,29311
6683750	4694,19974,29203,7188,17945,16454,28752,17491,15446,8815,28788,4731,6798,5267,10404,19113,25770,1713,17087,20695,13020,11029,14119,7995,4939,1884,29551,7037,19339,24977,11175,3228,16818,14261,10169,14780,19405,1999,5796,14818,24562,4691,17577,26619
731750	29163,15620,26000,24856,2270,24088,22831,679,15924,22333,13377,1731,23623,19149,29008,8173,22901,17659
10054250	13020,29203,18423,8842,20316,5474,8425,17535
2480750	24281,22749,21110
6683250	6918,11280,1700,3590,25407,8816
848500	26114,16406,19514,21067,614,12394,9838,10370,7309,28319,25260,5304,1788,3329,13070,23321,18730,7995,16716,15751,19337,24989,10151,6569,18868,14261,11196,15831,1501,4078
6900500	25135
8997500	8234,647,9656
3846250	27840,13450,25372,27371,9645,21110,15686,2257,5464,9563,15584,14182,5863,23143
7002750	1831,7868,599
4399750	3328,23207,12686,5429,7354
1381000	391,11586,11537,20846,15001,5148,21796,1831,192,14020,2257,19026,8662,2394,17747,21110,26619
8346250	23564,2963,16939,17327,6734,4571,7015
2253250	28675,16396,7703,10780,28189,5667,4651,1591,26722,18075,23662,20591,8816,26737,9363,26288,11983,8965,18730,20279,20338,4992,11652,9620,16110,29084,11167,155,679,23475,11196,28621,13784,23525,17914
6458000	1681
4063000	22280,6148,22836,12271
11631250	22482,15065
6564500	22016,19466,23564,19814,5137,16920,22055,24616,20146,14902,14261,11328,14919,6728,241,3149,21467,27662,10329,21672,7263,1130,8816,26737,3699,12394,24598,647,13450,15639,3734,21657,19632,12977,20658,13494,20668,15805,3273,7902,6880,28391,1259,16110,25329,28410,251,2815,26378,24332,7442,18196,13079,29464,20279,11080,10059,17748,12637,8038,11196,18805,29084,11679,22947,29095,23794,26031,5558,11194,12220,7105,15298,4059,10225,11604,2042,24060,12285,4949
12016750	11790,12307,24601,27683,24616,2099,11849,15498,23662,13480,23214,15558,14030,9445,27371,28410,20736,20529,18730,12512,12648,11176,5557,13793
3396250	21838,4953
12004000	7680,28547,18958,16540,20918,15307,12754
1561250	21511,25098,23475,10329,527,11196,5254,24201,143,18075,1481,14020,28410,11080,28017,10622,15766,22973,20425,17400,8702
4025000	24792,4571
3054250	28270,24986,11931,2929,3627,1591,11328,23108,29125,4172,2898,28665,12285
8792750	28163,25883,12606,25535,14416,22131
6172000	24704,1037,622,6880,24297,12910
4035250	27906,6571,13070,27539,13848,28710,21372,24747,19631,8630,13888,12674,10962,21715,20444,3423,26883,17647,23160,9340
2808500	12394,11857
6921750	23936,19458,11396,10549,9409,24606,13570,9503,18078,11810,6180,6825,671,637,2504,18001,24281,25434,26332,12512,29008,28732,17643,5621
5987000	9120,2524,9390,26034
3216500	11652,15365,21146,2963,24869,3228,14261,18180,7354,24507,752,27198,6617,4571,21865,27242,17470,21501
2968250	23426,9750,11624,25260,19885,12220,8637,16463,24929,21110
4770500	18433,29214,23083,2610,27191,21050,13374,12394,10866,18075,25029,17073,7354,14020,24869,28969,22317,24394,21865,28017,3980,12220,15315,27092,22499,27625,1008,27135
3031750	22529,11781,1547,6158,16406,6680,1051,2053,16420,2099,27198,20548,8327,27501,10329,1630,25372,9838,29203,21110,647,6284,26308,3228,19312,22691,21672,3313,3252,11850,7875,26829,2257,3804,23774,15584,20720,23793,23284,18388,28924,2826,1293,27117,6880,28961,23861,13020,18730,3123,7990,10559,24385,9549,849,20846,29552,2929,1666,4329,1905,10481,7061,24984,7070,21919,934,27050,6571,18353,23475,7567,5058,16836,9157,23662,22947,9174,984,21983,6114,8678,17388,11245,8689,9210,12285
3799500	8739
2626250	6918,7868,17290
5239500	18176,22359,26508,29203,17959,16939,18353,1979,11452,20551,19668,2262,10718,4709,11624,27196,23407,8689,143
11625250	18990,21628
12204750	6571,15019,4078,21681,22749,17812,13911,20958,19615
892500	22016,25260,3074,11793,17945,7707,17446,16818,5680,17160,18485,12352,10306,9398,16096,11849,16460,6740,21092,22576,18024,1131,2669,28791,21636,10097,2694,13962,4235,19394,2713,5086,23516,14020,2762,18805,25792,1731,10948,3313,143,8412,25311,5557,4329,14580,22280,3852,11396,26405,15663,18741,14646,6462,8517,9030,24394,18258,19284,6497,24869,28008,23403,22898,12154,24447,12680,25488,11670,14240,21659,1962,29099,22447,8637,3135,25559,2929,6621,15019,27625,24554,23890,17392,18515
9979000	12352,23793,25260,2099,19514,7611,18485,21565,5863,21672,2655,27508
4631250	24841,24194,21390,7235,3991,17438,20896,14625,5184,11176,27052,7090,23351,7868,7613,20035,23370,29269,21078,13784,12285,2257,13174,18041
3148500	11790,26,11543,24616,20548,15478,8327,22126,15004,18078,20655,18624,25793,14532,5845,29224,10999,10282,15652,11052,21815,8511,13645,19796,18292,8565,6019,28561,7059,1962,24015,8662,19928,6617,8689,1014,12285
6412750	22276,3719,19475,23214,13354,17718,6617,11080,22094,23632,22484,21770,12666,3304,251,23676
11137750	3457,27906,22027,25360,24869,27564,2227,28230,11080,21841,10329,14373,7827
439000	8719,11793,28230,26722,8978,14469,7868,2257,14580,4254,26404,7466,3390,25415,21841,9066,3734,21400,18353,6096,10714
1110750	3101,6951,28466,29125,16463,9053,22499,16762
8949750	29446,27277,24977,16276,3228,17438,27942,2217,16818,20149,13380,4808,14294,1644,16889
1985250	24196,14984,28952,28059,23197,15138,18075,14765,24627,15417,11196,10176,12996,20943,27603,6635,11629,8943,4339,24436,17013,7420
299750	8719,9802,7868,23662,21110,10872,16540,22204,11043,14261,10678,13240,13787,1507,3047,26619
6497000	1140,20902,9487,11026,11923,6836,28214,3102
3734250	27261
9782000	2826,14020,7706,29364,18630,3032,16986,8439
4256500	9990,24075,7188,19897,290,12588,13888,17218,24898,21709,14929,4694,23515,29149,19175,2410,27256
9173750	29203,16406,29209,14261,6726,2655,4731,13079,9838,16540,13020,6880,3627,2826,9486,14097,18730,15159,20279,27501,11679,17826,11196,7105,15315,27092,4571,5598,3047
832250	5643,23338,11578,28859,2257,20043,24917,13020,2916,3324
11434750	9985,11662,21398,23323,7071,13984,19629,21823,22339,14927,22736,23122,3543,26969,24155,16612,20083,25855
2378500	18690,3228,10014,11679,19974,25372,4398,18736,15159,22329,2367,10970,22749,26619,5099,7230,21110
11957000	24601,27,24922,4520,3658,5738,12395,647,6284,18575,26138,17060,21672,12977,14019,23251,7381,5357,7963,3898,21840,4459,10622,934,16818,15831,19417
5491500	29203,1563,14938,16939,2123,18508,22093,4691,27406,21078,2655,21092,8296,20620,6288,20641,5799,2729,7856,179,3255,14533,24013,20706,12013,239,23282,9472,11905,9486,27407,11032,7963,25372,14625,10532,24887,20803,23381,25989,3991,7089,8628,26564,13793,12285,14048
9044750	2945,16808
11711250	2710,12935,10390,4250,21146,20617,24122,21565,22749,27634,28024
9716500	20097,26114,129,24584,24848,5529,28065,5768,11575,17470,5856,6771,11465
9512750	15534,24598,14363,3619,5157,25651,23656,11383,21152,679,13998,3228,26298,7868,12996,6880,4324,4329,251,28924,26883,26380,284,20827,3390,14165,10584,21865,7037,25991,2442,8261,27804,14261,19903,17880,5458,12287
4447000	14482,4078,29463,13602,4515,18361,9533,28370,12627,12513,11748,20334,13815
6458500	14887
6654750	12352,2072,24602,12220,14261,17372,28391,4731
7785250	27446,29247,26963,14588
6867750	7552,24788,14020,2655
6515500	27906,7817,6805,21657,24601,27427,1831,17706,23340,626,6319,18235,18879,23878,201,24015,8662,15831,6104,2033,15478,25914
9438000	17158,3463,19596,24977,12949,15019,9946,21092,25830
5139250	9236,8230,21672,25260,16500,19673,7408,6918,23304,15663,23793
1661750	26114,23564,9236,24598,5655,3627,27707,20551,9802,13388,19539,21078,26716,21690,7817,3228,15534,12977,7868,1731,17273,14048,28391,10480,17653,3324,13079,15138,4571,5429,25925,22342,11624,27501,21372,7096,20411,21950,21838,19416,3151,4078
1459000	4486
5608250	14596,13070,6290,25883,25372,18075,12855,7868,14278,15159,11857,22162,4731,765
9946250	20297,11688,23241,2899,21091,21865
6380000	24459,24196,28425,20327,23531,6682
39750	4896,27817,24848,16663
5522250	12300,1042,8739,12352,12883,8277,10847,23662,20595,2179,13464,679,25260,6319,20188,28391,11029,2876,13450,24385,24898,21838,11605,18275,17725,6805,15761,11176,20411,15805,14501,20449,8689,19962,4949
711500	10176,26722,11052,8689
417250	3627,19514,13370,2367,9549,29265,1253,2513,28370,4336,22900,3068
764750	642,9486,20425,22749,2359,7868,3804,26988
7218000	18436,22556,28754,24669,7096,25271,7868,17087,1731,18630,2257,6951,16110,25839,23304,2826,14119,20297,29034,17470,11679,14261,12728,12220,20955,26619
6247250	26114,17945,10282,2605,2099,9794,27205,11849,11850,14943,3686,1666,5267,22680,17055,10096,9671,2739,11447,28357,29388,23245,23246,5848,21216,14580,17456,27446,2227,13793,17245,9567,19179,9620,11176,17327,26546,14261,15814,11734
452750	26121,15638,29084,24392,20661,14796,5845,15065,19941,18674,21865
3335000	5574
6998500	26114,3590,11790,2227,12352,21067,23662,20595,24601,25260,6319,7354,7868,215,6929,13607,4411,17214,24907,10176
3644250	2568,7706,17437,24072,18996,7230,8257,21067,26722,5736,18024,3719,3723,28357,282,4381,16674,15142,7465,12588,24377,15678,6880,14661,25424,10584,18805,23939,8637,2891,9669,23506,4571,4078,10225,23026
11121500	9566
9436000	17680,15661,4022,5776,21865,504,4731
6266000	4939,26958
11078500	18024,6290,19284,18805,9275
4475750	25260,2060,10276,20551,26699,26763,6288,2227,4281,217,26860,251,259,6432,10532,18730,4411,12627,16754,18805,18834,5533,29128,4571,8719,4651,16944,23103,588,2655,19113,6828,15065,15069,15079,15086,25372,29474,25424,9045,21334,25488,2963,23475,20297,25555,15335,4949,25651,13390,17581,547,23774,15584,1272,21796,7482,21819,21838,11612,5506,11652,20035,19962,28181,17945,15935,5724,18027,9846,7812,16009,3723,3740,13997,14020,28370,5845,28410,22274,28453,28469,24385,14150,22840,22378,1903,14261,679,26608,24575
1969000	4993,15831,15887,10821,1831,4571,937,3254,14580,7354,11079,13265,16675,5848,251
11494250	12352,27509,11196,18805
8528750	16913
6140500	19149,21110,28410
8385000	1548,19217,23130,23282
3312500	19993,949
805750	3723,10642,7070,1994,28465,6094,6617,18024,28924,17661
3675000	7297,25488,18328,2604,15024,1989,10106,16607,6498,12271,1138,8851,10232,2367,6908
2448250	5267,10532,19514,11679,21442,28484,28881,4051,24669,16620,28411
3781500	24964,2695,10819,16818,19632,7096,15315,241
154500	27670,29211,23074,3627,21548,14894,23623,11350,2655,9838,21110,28815,22162,3228,16550,5799,27329,17606,28370,2260,5863,29224,17653,251,28930,13070,1831,18741,5429,5443,8005,11080,25424,4949,24447,28035,12168,28059,11679,24087,3740,22964,2999,6080,16889,17372,9709,11176
4907500	10559,22280,25352,5652,18075,25372,26493,934,16305,21427,11196,27711,13020,28896,12285,28675
6458250	23475
7375000	24196,17429,9512,11060,5429,20184,25309,8680,5310,21110,2655
11535250	17024,2945,6024,24848,28945,23071,13984,12220,11080,14266,4709,23143,12394,25086
236000	24066,4361,2574,16406,1688,17690,27791,19501,5043,12852,2826,21050,14780,3536,28504,6104,7248,18275,26856,9452,14194,29203,23798
9842500	6148,16396,4125,28746,14415,11345,8296,18024,9838,21110,28791,12924,6299,16550,7868,12486,22731,9486,11573,2367,4938,11605,11607,20317,29022,15210,27508,4499,11176,20411,24519,3575,19962,4949
5155750	28675,27155,18024,14482,16540,12453,679,19113,3228,192,11969,14533,16110,28410,7432,15663,14661,23878,20297,19284,22898,24966,24459,25488,14261,454,13265,21973,15831,1533
4547500	24598,9653,8257,23698,18072,679,284,2278,7025,11652,24986,11734,3034,26608
11339250	21838,509
1838000	21372,21971,2963
6126750	1122,25169,16104,15019,12268,25117,24977,8758,2936,17691,22749
8909750	26665,8775,3151,11857,21092,5254,3228,20661,6908,22342,1392,18805,28631,28641
3075000	6592,5995
621500	22034,6680,21563,3171,7269,23656,2683,28809,22709,6326,24281,19166,22756,28924,4896,15159,4939,27985,27508,10102,24977,10225,12702,8689,27050,15283,15835
11794250	19101,11679,24385,14025,26699,25424,6352,26852,3047,22504,12220,12394,15598,3068
472000	27660,6542,29203,23584,12713,14647,6211,23748,2504,4938,27406
5901250	4230,22280,16138,19341,14739,16406,10014,11176,18730,23475,12230,23884,18937
10818500	9131,5640,27155,3760,1577,5185,18501,5192,19539,20579,15804,1131,26760,13460,6303,7354,7868,18630,2762,5334,23793,6908,25854,20739,10510,7955,11036,22305,28124,23852,22836,11573,11080,3924,19328,25976,22393,25984,7105,2469,29099,14261,11213,27092,2257,12285
8757750	6209,24601,20386,27427,8486,26288,20785,6968,26561,1481,3149,28756,1129,2167,23928,1151
4215750	21506,12352,20555,4281,18626,20764,18741,24898,22889,29099,8628,12729,23103,6242,599,17005,21110,6792,23203,4775,22732,29375,15820,8922,23260,25309,9340,29445,19328,25488,27564,7105,15302,5067,15315,25618,9236,27707,7230,7260,6672,23662,25742,13853,27856,7376,1272,19707,1290,13579,25910,9563,11624,17835,15800,28104,15831,26114,26127,15897,20043,13909,9842,24194,3717,3760,5826,28360,20180,16109,28411,19416,18258,20334,22393,28641,26619
5037000	18947,20551,10329,5736,8304,7817,27791,20625,16550,21672,6828,12977,7354,7868,22720,26837,23272,23793,251,14590,2008,21283,3723,9549,2382,24929,27508,24960,10662,1962,18868,14261,19383,21838,20449,5099
791500	1666,17945,10781,4813,13607,3627,17597,23492,20297,10329,21050,12198,28265,20986
5465250	15138,3874,12613
4994000	1852,28256,25960,10100
8940500	528,20516,25676,11363,9838,6796,20127,5312,2257,1831,251,3329,27396,22305,11052,15661,4452,11679,11687,11176,13784
5110750	22400,6542,13210,3740,11176,14261,13888,25793,1739,5845,5590,19416,15584,1004,23662,251,3324
5336750	20800,28675,28936,7706,28463,22947,679,11176,12352,1731,14020,24669,17958,11000,6908
6603750	20188,29473,7230
2870250	11812,14894,16500,8313,9343,26253,11946,7376,8327,15096,11018,8499,12642,14185,28997,7105,12022,28664
7787500	17771
8096750	16463,16986,1630,6331,11196,28790,8809,3720,679,25260,11951,1731,21110,26401,3874,26843,17647,28411,18697,25356,10510,16663,7976,5429,14144,15584,17747,9567,15334,11176,15814,970,11734,5094,8689,26619
2006000	12705,8122
267250	21925,679,25372,18730,23990,11196,2367,9802,4172,22393,12016,22898,5845
5440500	25272,17945,18730
10831750	5640,17024,1006
11947000	11776,7703,25651,1591,13749,25215,8327,7323,679,7868,26883,15233,26922,13103,9522,28504,17760,24417,20334,15734,24449,12168,18835,5030,13738,18379,13645,12758,6104,17401
10976250	24196,9864,20747,14482,26619,21919,5058,22032,27131,22889,12394,6738,489
3861500	6148,14533,11080,28746,4949,1498
4782250	17945,20648,26665,18361,20551,1481,10193,5724,13607
5962750	24196,5151,10534,9640,554,5803
10112000	18153,22319,6839,9817
6848000	24598,14235,3740,9671,5454,26619
6634500	6981,398
5407750	9236,1563,5469,27711,20548,8261,4683,19026,11350,21351,24685,23662,8816,25252,28357,6352,2257,5845,5848,28896,28391,28410,251,24332,19160,4371,17706,15584,28504,3941,29547,26480,23103,9620,29084,22947,12729,9671,13264,18388,19416,6617,16373
341000	23564,27155,7708,17958,7208,9290,12377,26722,6243,13430,9340,3723,15019,20661,1739,2257,8414,28411,6431,24869,22577,22317,28463,21337,20827,22393,11328,11652,2963,14764,16818,11220,14294,19416,679,8689
4195500	18097,9802,15315,19416,22246
7306250	19973,6158,10841,12318,19829,16463,7079,4691,8277,21078,29275,21628,679,19113,7868,6887,21741,13551,22359,22313,22329,21372,8689,10176,21975,12285
1727500	3228,2471,8107,22756,22889,24170,4076
42000	3592,28180,24598,24098,5157,12329,20154,13390,24669,14493,4254,679,15538,21684,21283,8890,13579,23895,21815,26963,29528,26459,11120,26728,21899,23448,27544,11687,5557,20297,16319,28616,7628,7248,4078,20979
7060500	8193,5285,13461,9111,12740,26017,1698,4924,23214,18353,24645,504,13603,21975,21092,10703,13405,27196,29010,20208,22136
1688750	7936,6290,554,17080,14020,3145,22499,2655,24417,21110,9982
969750	3720,11665,7990,27198,15159,24780,15058,6747,2655,23284,21628
9215000	10097,2436,14294,12220,20750,18575,18200,22731,28059,9242,7963,11196,13118,13888,27458,7235,14020,25029,26694,8651,22489,9563,6352,29425,9189,8943,12394,21110,11263
7476250	1037,8719,13873,11315,27198,5185,28230,21067,14415,23662,22162,6828,1253,2891,21838,4949,24907,24541,16362,28653,17391
10654750	19458,14991,14229,3096,7456,420,7856,21554,12212,28382,3384,11694,15449,2270,23274,4078,12790,17783,25214
980000	1739,5962,29099,13737,6868,8724,12762,3228,20180
6897000	27659,29197,4162,22093,16463,29265,13909,3176,23662,24177,25260,23223,3775,4300,2783,28411,3329,19381,11196,4052,23019
10302500	28164,14065,23235,6630,14567,7409,27897
8799750	6148,13855,2610,27217,10329,2683,11396,7868,14533,21706,16077,28410,26378,27456,22393,24486,11679,21503
6003750	2568,23568,27155,24151,21092,13430,29304,18072,6306,2227,26295,14020,28411,18730,15114,24352,22305,6466,4424,3913,13174,16821,18886,471,23013,26618,12285
7921500	28752
1758250	6571,7817,27791,12560,3091,5652,11029,6947,5799,12977,10038,1731,2764,9563,4060,7389,3809,23662,23676
7699500	1546,25099,27155,19477,16406,12977,3627,16944,9802,25687,26127,26716,23137,23662,23698,20127,679,21672,14020,16110,28410,22280,22317,24459,16721,2899,4949,949,12346,14182,3457,6542,2966,29084,11679,20386,18075,10151,29099,19381,1983,15297,6602,15315,8689,10232,16889
7568250	6918,1545,13070,11670,17647,14883,17317,11176,12686,13112,11849,26827,18131,4571,12394,24687,8689,14071,29304,4479
10312750	12352,16483,22110,9838,27829,2257,5863,15086,12016,8978,28469,2367,4949,20825,13667,12162,6606,8689,15352
7445000	18075
9651250	26754,17945,679,2257,18672
3304500	11776,3592,26694,5199,10329,17013,21110,24170,140,1197,21693,13007,1237,3804,10480,13554,7990,4931,9549,13695,8171,11151,17297,14294,13820,8689,24060
6694750	9236,16406,9242,1563,26140,7601,16818,14902,11328,3151,19026,1115,4538,3259,21092,18024,7356,12394,21351,23662,14969,5254,10893,21869,6290,18075,20127,679,21672,13494,12475,21110,28881,23007,28410,251,6918,12352,3350,25372,6432,13020,18730,837,29012,27501,23407,7025,2367,18829,24471,6980,20896,1461,10678,6080,28621,12754,19414,28641,13803,22508,8689,11604
12371000	11776,10176,12352,25372,21533,11543,3740,3627,2227,18868,11958,8628,14261,28992,12737,28370,14294,22359,23896,24541,3555,13020,21372,12394,25086
8072250	8081,20846,21148,29473,29099,7645,11196,14020,28616,21838,25169,23143,17013
9202750	335
1832000	27906,19221,2198,10916,12218,7868,21191,11725,21841,25687,12410,20668,12287
10588000	15637,28059,7354,4037,9295,2655,16628,9209
861250	18697,10176,21110
9671750	6290,16663,14119,26555,24385,16463,23122,26722
2557000	15761,25526,27508,18251,13020,24541,25570,360,23793,18805
11111500	25372,14623,27189,25142,17394,21110
11730000	27136,3586,8724,28181,16406,17437,25651,11341,9301,9814,14938,18874,23656,16499,25742,23189,21655,1688,5797,26802,16564,24764,4806,29384,5845,1756,25311,23779,24299,23798,18168,9472,29445,12048,29465,7963,5086,26429,4931,2790,7042,5443,24471,5043,1446,29104,455,8651,17356,8662,13787,21982,4582,4078,23549
7715000	9486,6234,1831,7479,15672,8530,7518,3935,3941,21400,11176,13795
2823250	25329,7096
5948500	22164
5287000	26254,15761,18196,2326,18774,3799,4735
11590500	13380,28230,17512,25720,6828,13512,2252,20187,24359,8500,11578,28992,2432,10647,7070,11679,23475,12216,2463,7613
1244250	6765,11410,28183,26788,7980,9162,2262,4111
3089500	15089,16754,13115
3288250	3350,25260,16110,6395,3362,18730,20279,10559,6498,11176,10151,8689
380000	1392,12329,24242,28470,18628,14174,1773,9072,22898,5620
746000	3720,6571,7105,17732,21110,26619
3249250	21377,5185,6893,11793,22254,19991,26394,18075,13858,7963,18231,20411,4571,14144,25029,17478,14154,25911,15138,25935,1237,5086,28641,24685,7278,4734
591750	14596,9953,15315,28769,26722,4220
3963750	22547,9236,8739,2099,19014,10329,10381,18075,17606,16109,28410,22280,20279,24385,25329,18805,25488,21919,7096,5058,967,9175,19416,251
2331750	528,2655,8269,14930,4709,6771,4731,3228,17572,16552,22484,17153,27179,15138,24869,7977,15672,28985,17214,11682,15315,4571
8017000	2319,6836,5429,27505,15096
1165500	290,6805
8123500	25222,2835,10269,7978,1591,19514,8637,3390,17227,22852,1222,5201,23251,4078,14931
10224750	8966,24977,5267,11679,5797,10247,25526,24385,973,24402,21092,21393
11558000	1415,22029,16323,20846,17835,3629,20154,2442,28576,14020,16079,23381,3032,29203,21496,6521
5467250	24835,11653,19489,679,20529,1822,22131,27004
5264500	18859,3393,11679,6394,22280,8371,5685,8783,19038,20411,3185,7096,1642,24196,14470,3228,22688,26794,7868,28410,21659,20846,14533,28966,17642,16112,251,18730,15105,25346,12352,20297,6104,27509,17691,25372,10014,23852,26420,23878,18251,4949,24415,16754,13118,17846,2436,24385,3781,2968,11176,19885,16818,14261,14153,7105,2125,6096,2513,24018,17320,6100,1493,28641,26083
5061750	27467,2971
12027000	21865
11220500	1739,25830,11431,4411,21372,12285,28411
154750	1260,15309,15672,28458
6904000	8193,642,9111,7856,5557,23541
2874500	26670,2103,14914,4172,11866,16550,7864,7868,2257,7910,23793,3850,13070,12052,1831,24886,27497,29547,1392,18292,18805,2963,25493,16279,28059,14265,12220,16331,3032,19422,3047,28653,27135
3977750	12682,9069,21815,16696,16463,13240,9834,21869,8689,25596
9839750	6942,6319,7868,25156,20470,2375,21838,8689,29301,2683,22524
11032250	22530,27403,16656,14363,20902,17577,3627,1713,6836,5705,1140,18879,3723,4169,28370,28642,3171,28653,19828,10745,28411
1189000	15019,3720,1546,11665,10329,28184,25372,1822,11679,18730,22989,2898,10465,16361
6874250	16397,18457,8737,19514,11328,10329,21604,2683,21657,155,20648,16603,12016,251,29464,11052,8005,11080,9549,29547,29099,21503
3245250	23878,18730,2257
7034000	11776,1031,29203,8724,6699,28736,6236,17013,6080,25742,6288,20630,193,27821,3613,4285,18624,15063,27856,7975,17158,14603,20253,4411,13123,1916,17823,14780,10176,5573,20937,5592,3324,27117,25596
10212500	18730,16849
8271000	7356
8633500	8148,255
7918750	26114,14120,16180,7868,21838
11300000	7552,26114,19973,2992,11679,4571
8070000	6154,11080,18611,8511,997,20595
7513250	21895,25481,9782,7692,6290,29203,4078,15383,27544,21148,28357,4128,16939,4515,23206,26545,25372,6571,9489,19121,10680,27715,16463,1106,24277,10584,1756,2655,29153,21221,28007,1257,26228,3433,9301
1815750	16908,29213,22329,13909,22359,6245,28391
9344000	17024,15138,25511,611,5097,7932
4963500	13830,29203,25372,16420,13240,16572,21565,19903,14661,24277,22489,1533,7907,21092,17767,4078,21110,2655,2683
2200750	23564,27155,16939,11857,19026,7015,26737,1173,8816,13489,2739,14533,1739,7902,18697,18204,18730,22329,5454,27511,12674,11652,21390,9210
7886000	7188,10282,7727,23601,8261,14407,11849,25177,8296,1644,3723,7312,8850,5267,19610,25246,3752,4795,28876,5845,5848,6880,20706,21237,251,24844,23315,4896,17191,4919,21838,5469,22420,9111,29084,19358,4014,21941,14784,6599,8138,23508,8150,12285,8696
3405000	17181,4389,8689,27181,21426,10176,7364,23621,22094,19027,22489,5470,26722,18672,5369,27543
4852500	23814,19340,24541,21067,10329,9563,3775,26728,2929,16500,13909
11939000	2176,6148,14294,7105,20297,14483,8278,5655,3228,9242,10402,20827,12068,21672,22317,1966,16305,23475,15934,21567,28230,28621,26326,2257,27734,4059,3935,10726,23409,6771,27508,15478,21916
1240250	19138,13975,5409,26288,12220,6154,12352,27458,9926,7408,21092,12394,8689
2882750	4452,679,11080
11896000	27137,17945,13853,23731,9304,13430,7299,3228,27810,174,16564,7868,26310,8439,22274,7492,2227,3809,9580,882,27520,11687,25020,8637,16836,15302,16331,19920
6061250	19466,15886,16918,25177,19632,5670,6728,4169,10329,22113,11897,637,679,15018,15019,2739,20668,11471,3308,6400,23829,26332,28985,11604,4949,1370,29547,29076,21390,25488,19874,943,14261,19416,21995,19951,7668,21493,22524
4133750	19335,5264,19217,20893,1831,25372,8628,27638,8654,16463,2655,14119,16754
7703750	11016,8278,22148,3720,679,25839,28410,6398,26378,13070,7542,22908,2968,10908,18075,12717,18868,21067,9669,3555
3149000	22538,26643,18964,8758,14407,15446,9817,7188,661,19610,20648,25970,4794,28370,19668,6908,18697,4919,833,4939,2388,13162,18805,6379,24977,15773,16818,24503,12220,12747,24528,14294,475,8689
7810250	6880,16396,23202,3740
10018000	5506,7868,15874,16663,12447,18849,290,8357,11176,5429,8905,13779,19562
140500	23779,24196,1831,3627,14360
11131750	14482,22549,16406,29472,18075,18630,22280,19255,13430,23622,3406,23662,14074,5738
6849750	23556,5725,17517,5848,14580,24886,29001,4938,13644,19796,15716,23928,2655,2542,20932,4571
8702500	24598,3627,19381,8792,28770,617,2669,23662,646,4270,20661,24780,1831,1791,6412,28435,13079,15138,18730,20449,9549,21838,4949,21372,12173,24977,11176,3228,14261,20425,163,8662,12285,21503
11564250	2826,25483,14739,24084,15255,1831,2090,14261,28347,10176,15584,3723,6352,24922,14048,19668,21110,14969,20858
8033500	19941,20996,16527,11920,14020,2198,14235,25637,27955,16046,13112,22330,707,6348,22093,14415,18002,7631,28653,21094,18540,27286,757
8848250	25488,25372,2999,10329,6118,8187
2198750	13216,9250,16550,9782,23482,14020,14294,11482,17756,16754,21110,13054
1025250	19335,15883,5429,4662,22204,13247,4938
9782500	26114,28333,24598,24471,17945,13079,17055,12717,14261,18743,4281,5053,25027,6352,4949,29113,12977,28391,17906,3047,251,2197
1459750	11399
4257000	23684,2436,16913,22547,7572,21657,27625,18075,16603,4059,12329,11563,3886,24541,12977,23475,27060,9653,3254,11196,15299,18084,21212,6621,26722,24196,27511,13307
965500	8257,26378,28181,21657,18712,24645,21539,23849,4931,4549,29290,9180
10966250	17087,22393,19416,22633,251
7435500	12431,24598,14261,24886,23086,19416
5440750	2945,10176,22530,14853,12168,16009,9487,3863,1570,20902,647,8669,19381,13370,7868,27210,11328,970,12883,911,3804,1246,5087,19431,3178,5330,12394,21110,24825,27261
5238000	26121,527,13888,9838,5254,143,18075,12977,6331,2257,23251,26341,13551,14580,251,25372,3361,24385,21833,9549,22359,27501,25982,12352,9620,23475,18879,12747
10261750	20480,17968,23094,11347,8278,28270,13450,21657,17061,2217,23214,29363,5845,3288,13793,3408,2898,23896,18805,20349,16331,15831,5285,25424,9210
11687000	20359,431
11701500	6152,29197,14360,7706,19497,6199,5176,9567,13888,13891,24139,23284,18024,5738,28276,4544,24196,7314,6309,12977,2740,4281,24258,14020,27511,24898,4816,16088,22235,14119,16620,2809,6398,15317,26667,26886,22280,2825,24332,4366,25372,20253,13607,26410,23943,7645,28466,6462,20803,18758,4424,24393,24034,16215,20826,20831,17760,22369,2410,24784,16775,7053,24471,11679,1440,4515,14150,18859,4531,17337,23482,2504,24013,6606,22947,3542,10489,29149,15838,23531,27390,12280,17402,24060,12285
8170750	19552,23143,2826,21548,1966,21431,10207,21919
4054000	20121
9973000	25260,6828,23475,5429,15158,18227
10000250	6171,4918,10694,13260,28256,29422,19955
5012750	3393,19160,14227,29334,5529,2208,29473,3627,16944,5043,14261,6571,5053,9632,12754,11347,20180,8799,10726,19113
3592750	2440,12557,3627,17212,192,241,4571,5598,993,29547,19962
2921750	6147,22280,2128,19539,21862,18025,16540,679,1731,20184,22749,15584,26341,13070,22836,20800,7490,12614,21323,4949,14182,21393,29547,18805,11176,2504,16889
3226500	14596,13701,4230,6548,924,29473,25372,11954,18741,23863,7868,25917,13888,5185,16474,6621,23267,12394,2927,8689,14071
6700250	7552,19699,2103,26058,25423
1086750	26971,19514,14014,28791,25260,9395,7868,21186,17653,15721,22400,7611,18886
3188000	4993,18025,16463,17429
5199750	2438,8751,23345,10868,5848,15315
5170500	1941,11679,18730,15663,2610,7868,14020,12557,6096,10232,23890,27092,4949,26722,1084,241,2899,6906,21283
1579250	10584,17438,7235,21078,14969,24194,3760,9906,180,15138,13020,15079,1801,13579,7963,22837,28481,5962,4939,25424,7552,24977,16540,7089,4544,4078
382250	22280,15761,2713,18213,5598,7868,20158,1608,2123,20311,29022,993,26722,6352,26852,5740,8689,21110,22393
1971500	8107,24070,7692,22043,7230,8261,19021,10329,9340,20630,4260,19113,24747,4783,1739,21715,8414,8316,18672,20750,24869,8497,4949,23019,8257,27539,16276,29084,414,10176,16331,7654,15344,12285,8277
6852750	27906,12680,26619,18180,10043,13888,4949,13020,7822,17470
2078000	26114,28675,4644,12977,2739,14902,14919,11347,679,6839,251,18697,26380,13079,18730,2227,27791,5469,24440,2042,14261,11194,7622,27603,19416,24060
83250	1731,14596,7624,28885,11773
5256500	12165,658,6822,7975,3883,7868,13380,20679,25676,21838,13909,3034,614,22546,20338,3068
10774750	29203,16406,24601,25631,9563,1577,27707,27199,12352,4683,15952,14942,2669,23656,8327,6288,8359,4270,11465,23251,22749,28391,19155,1791,9472,18689,19738,15672,8296,21840,2899,23900,869,14182,27509,24966,2445,25488,11687,28586,7105,489,8689,22522
4189500	9858,11396,647,23048,28181,5912,11677,5667,3627,16126,9671,2251,6092,9165,1918
3272000	21315
3581250	10240,15383,28206,17968,12865,11849,27918,5738,22126,21110,15498,3214,16540,8874,25774,5848,20698,12512,9458,28411,22280,1325,18739,8530,12790,22473,16463,504
1911500	7173,28169,22547,16406,24616,23304,1591,28765,23656,26737,10872,2684,3714,27791,9838,3228,8868,2257,23251,5336,251,6908,24830,16939,1073,8511,4949,19814,7059,25500,9120,14261,25020,7105,24015,19413,2524,16362,11687,8689
3282250	24601,12072,13070,14294,20827,11687,8689
7687500	24066,8719,16929,2087,3627,8628,5697,20551,6737,7868,12394,619,19574,14969,17549,18075,18592,2929,682,3760,23748,3787,15138,16845,28370,7356,5369,24013,20736,14603,7963,8261,7902,28463,14159,22359,21862,21883,1916,10622,12182,3991,28621,10928,3068
1793250	26624,23943,2033,27508,7611,7105,14020,21067,4949,6880,360,27625,2927,23793,22393
1906000	2438,12220,11028,24601,26288,13240,21315,2891,9329,26860,22126,12285
8156500	19974,4691,22162,11465,6951,27373,27888,25372,3361,1831,6447,20846,19315,9620,10999,4078
8910750	3590,6154,18180,22555,22556,26546,26288,11330,26693,6726,7762,6246,10863,6801,14020,20641,18611,2762,25295,17106,20180,20716,7409,12555,16700,15217,3361,24027,28453,2367,24385,9549,14706,23928,10115,16775,12173,12688,29078,1950,15269,2482,24503,10680,12220,969,3555,16361,28660,26614,24571
4625750	17945,554,16939,14515,23103,13888,11849,9304,10329,28770,18032,26737,9842,3723,14482,13975,26779,16540,26788,2734,20661,6328,4281,21693,5848,2809,29147,24869,22321,2099,4411,17216,11670,26000,11157,17814,24471,10908,15810,16836,24009,11734,17882,4571,1000,25086
5959000	29099,12352,6672,29203,24601,27,13888,24616,11328,26722,21110,8327,27791,6288,2729,26794,2739,6839,201,2762,26860,23793,14603,13087,5429,22330,10560,14153,21334,13688,22944,21426,3507,8628,13753,4538,22489,4078,20470,19962
9463750	25733,7105,17055,162,5797,6571,27791,18736,16696,4538,7230,11201,15672,15138,16356,11196,6767,18672,2966,1788
2076000	27779,25099,5269,5655,7354,17722,7868,14784,9829,24816
6234000	19457,3590,22549,18990,12352,26699,29260,28752,16501,17020,23683,5768,12438,7868,16110,13067,9021,5962,26083,21372,19875,22961,12728,26619
1617250	27392,8662,6670,21657,13853,12964,934,1831,2217,12168,8637,62,24385,15432,15159,19405,4304,23790,18002,28244,12068,4509,1630,7611,23400,18025,28605,27791,27508,28410
5254500	25488,3590,25618,19993,22043,7708,12977,7208,26308,3935,12352,24929,21067,5712,18523,20572,8287,6672,679,15478,18072,17055,18630,21672,18611,17592,4795,5310,14531,14020,22235,6096,9317,18697,26380,26894,29465,28453,23853,8494,28975,14138,24907,20827,3423,13153,18805,9632,17835,11196,9665,26788,24026,29147
10546500	28508
4037500	27407,21217,14523,10948,5230,14575,26614,19993,13247
38250	19458,16395,28181,17959,4685,6767,25222,20626,1188,8358,17072,11447,2233,6337,22731,27343,5845,26852,14585,28924,10282,16655,24855,2694,24886,11080,14161,4949,22244,21862,21865,20361,20874,9111,7071,28082,2504,13264,12271
7003500	25090,14261,11196
2704750	16483,20902,23656,20182,22359
6433000	16396,24471,14646,16825,22971,20572
7163250	19973,1545,27151,14360,23071,1597,22609,10329,20411,21657,7322,155,16540,17060,16550,20154,17087,11465,2257,19702,18736,24385,17748,4452,13430,21146,14261,4172,22989,8148,6617,4571,17372,26595
7269750	20902,19475,20270,6346,1438
6299000	7868,11482,19962
2768250	17539,23421,19026,6447,16094
5846250	22587,17747,6243
4922750	3082,5661,12341,18489,10306,10308,18013,13409,25733,15004,7340,28357,20701,25830,24323,14120,21297,18743,20798,9563,29547,22393,2372,19951,9633,2000,8173,1535
3952000	1228,4648,23108,25669,2128,12220,21110,3196,23171,3723,18576,24732,24737,16550,679,13998,28370,25299,6864,9442,18672,28411,20747,26894,25372,6880,10014,1831,22317,13618,2367,2896,24402,26083,5474,3967,14182,22380,1912,19837,24446,25488,9111,6052,29099,21952,17354,28631,27615,23025,10741
232000	2826,27533,7314,3091,17823,934,180,16311,15672,16653,27511,12133,361,7335,3438,12528,26067,17147
8869250	26402,143
8666500	15672,28244
10063000	17024,10893,27638,8689,6143
8314250	4626,22547,5655,15414,11857,25212,24704,18575,13592,16540,27304,7856,19638,14533,16077,6352,215,28378,4834,26394,1316,18730,4913,11080,3941,10097,20359,16708,3228,11196,13254,3536
8745250	5643,4625,21444,679,3590,23086,15883,24684,3184,6572
8111500	5655,14379,19514,19026,13909,26716,26722,19574,17060,15018,25260,14048,8943,28410,7995,23878,19814,15721,14226,14261,6092,12790,26619
1181250	22556,29213,18982,11843,4689,90,21110,15019,9922,13512,7376,1752,27390,23308,16169,14646,28992,5458,22359,26512,3444,17783,26523,20386,27111,23549
2788750	26114,8210,24598,11807,26665,5043,16961,23628,7096,3720,3228,17055,17606,679,20764,2739,20668,14020,18630,24274,5845,3804,747,10480,28410,251,28936,3034,13607,22317,23861,21315,2227,4949,5469,4958,25488,29084,11679,3495,14764,14261,16836,10999,13776,15315,19416,13274,28124,6621,3047,4078,26608,2042,24059,12285
7450000	18075,8943,17190,476,18730,12717,2872,11576,19962,2513,16110,2729
9807250	24088,24606,15399,11328,10329,14938,26722,28787,21112,20636,18589,18635,9421,5845,5848,4324,1257,20862,7976,22313,3890,1341,17759,4986,23934,14400,8622,15302,1994,6096,8662,27096,18905,476
10628500	1546,10258,5652,17945,16961,9290,20751,12394,18032,27791,10386,6820,25372,21686,12994,3273,19668,14119,6868,25346,7943,19632,15138,24869,22329,16986,143,21351,16871,14482,7037,1408,7555,26564,11857,27117,4078,11263
6848750	12160,20480,13749,24073,2669,26643,13341,26788,8370,16364,23282,24507,15935,14406,202,20343,6498,26597,23532,13293,18275,10871,15098
764000	16300,18990,510
12015000	2826,12013,24977,5267,15138,2267,1428,7606,5176,28124,28357,27467,21838,29203,8024,28508,24059,22240,4078,1903,19881,26900
2852250	22017,11010,15980,18957,4755,29099,27927,17058,4647,1237,3503,14261,3815,6080,16323,4443,21706,22099,8020,4949,5848,18275,3887,3564,3821,14580,18942,21503
2148250	12160,14294,3273,22894,1972,6868,12606
1934750	4993,14209,11679,27446,8122,20164,11080,6652,21690,28391,7335,23662,12528,7868,3327,1788
2756000	26114,10115,8966,24841,10370,527,16089,17945,23071,679,19625,13975,3409,18501,4411,17470,13661
2138750	11029,17457,24385,20425,25687
5911250	21632,12352,9620,22489,7868
6272000	25135,24601,6319,554,2803,6080,26067,20180,17758,22367,3936,24978,26451,20863
5957500	27741,21919,27501,8637
7211250	23656,2960
8248750	14119,8628,9829
5742000	15874,16407,8238,4161,11849,16014,13645,23229,201,13092,29426,25341,19207,29465,2349,16175,16716,9582,23432,24969,11677,10151,29100,11594,17359,11687,4080,12287
6205000	1547,9948,22633,27470,1461,10352
11683250	24704,25372,12977,18868,14603,15302,23245,15018
984500	11687,24975,366,21533,20411,19539,26722,20979,27791,251
10533750	19974,13067,17945,17577,17327,27346,6880,15721,8689
835000	6665,26288,25642,18697,5185,9806,5133,17081,619,18041,638,3719,15018,19632,23222,7868,23748,19179,5369,21462,11018,21796,22319,21390,24487,29099,1966,21067,11734,8669,18912,29265
2168250	6539,21916,11679,22305,6828,17972,14286,18002,9053,1630,23532,8689,20094
5354000	7173,6680,12828,12352,21078,21092,2373,14960,21632,11203,10948,1222,15058,20180,14044,23793,6908,5896,10014,21294,14138,325,4447,8763,9072,24461,14261,26559,993,679
2733500	7552,22529,20902,25260,21832,22377
10715500	6820,22029
1517000	6158,15086,16540,7070,12977,17470,19903,4808,20297,1739,17011,13430,21865,16376
3010000	13975
10443000	3627,5043,12352,24151,20073,8816,21110,12431,23202,18632,2739,11449,27540,17603,5832,11465,11029,28951,13592,16944,18730,4913,4949,12674,25488,11670,24477,11176,12717,14261,10176,16836,4571,3047,9192,12271,8689,2042
1324500	19862,12173,6929,8028,12460,17197,15921,23603,12352,28184,18632,7260,4324,12394,1008,19828,16376
4193750	398,21657,21152,17959,3677,24296
4097500	5190,24844,20655,13779,6299
8353250	6158,25618,13888,8775,6766,17005,19101,14446,17087,29473,24788,1773,28411,22317,20297,16335,15315,4059,4078
5027500	18353,15197
6358500	10194
6977000	12964,5334
8822250	1222,18024,17483,8495,21110,27068,18013
8160750	10268,20894,20388,25169,22489,22244,17641,3958
5654000	26114,11026,27155,10247,18672,4571,24528,21110
8523250	23304,25500,12329,3627,12977,7105,14292,21336,14074,251,18544
4533750	398,4892,25022,10694,26699,27600,6868,4324,10970,20579,4708,17319,5290
5143250	5643,13853,24616,17331,15446,18542,21110,6287,6820,18597,20661,11452,19135,29385,15761,2945,13067,24848,8978,26394,24359,18730,19757,5429,22843,17747,8027,21877,6029,14919,24498,23475,3555,8689,9210,25086
6258500	22505,1432,1563,308,14902,8628,3771,25666,15302,26575,6740,10460,5598,17661,18084,20471,1917
9212500	26498,17158,8592,3476,25372,11528,10176,25420,9936,18002,22889,14701,26619,25596
10069500	14261,14048,21838,23662
11307500	18180,3720,27155,24087,1432,19632,22837,7096,20154,22359,3492,19941,23272,11452
650750	17772,5310,16406,14935,18202
2752000	527,24598,7708,5667,28709,17958,3627,11347,10329,3164,26728,18024,5229,8816,26737,22179,5832,14048,3313,28410,12586,27906,11022,18730,21293,20279,2367,5470,7025,11652,27539,16279,11679,9632,11176,5043,18868,14261,15820,19405,10726,22505
4256000	2059,22556,9392,3627,6199,13883,12811,26728,19058,23160,17647,3324,10014,15661,12253,1878,24929,12132,23928,21372,20297,5598
10229250	17926,8739,16944,17459,588,21593,23662,6792,3723,15019,14533,19149,11029,24869,28484,23475,18361,24541,8689,25086
6751750	20292,4250,21916,10151,7208,13737,20419,3658,28641,7408,22522,7335
3310750	5640,24083,11328,4172,11363,19573,6290,16550,26300,14020,28370,13020,27371,7940,10014,18730,11052,6459,2367,14182,18829,15773,12220,26564,993,8689,25086
7893250	18824,2319,9745,18075,7208,3507,28348,28992,10737,28410,15018
11114000	5519,5157,11849,21092
1492500	15874,24590,8210,16406,175,3627,16821,6738,26712,10329,18024,21110,25733,5661,21683,7868,4300,14039,2267,6876,25315,17640,13554,14580,6918,6410,9486,21788,8005,10059,16722,28899,3926,350,26989,27508,13375,20359,29068,11679,16540,679,14261,5876,13754,27583,4040,10188,1512,9707,8689,21503
3849750	9549,23738
266500	2432,22659,9657
2676250	4739,11025,1428,23706,17691,19365,15527,14535,13557,14407,2388,740,4970,6379,1644,14574
8617500	11307,20367,22672,5009,4629,21659,14019,10694,20444,11280
9694750	16395,8792,15414,11849,4172,7773,2655,23656,22508,9838,26728,10914,2729,28357,14025,16091,3804,8978,16172,3888,18741,24385,11080,8558,22393,19835,11645,12701,8095,10680,22459,10176,23662,8689,28662,17400
1812000	6290,15766,15639,16406,17446,12977,12818,11196,23143,27625,11263
3913250	7179,9242,3627,23103,1975,10329,12386,25372,12394,20079,123,5254,28809,12453,16550,27817,26288,21683,25280,20694,8409,9948,17119,22757,251,19217,10014,26963,12168,10136,6070,7105,5598,23007,11755
11646500	23847,15401,13585,12949,13975,29084
6067750	1838
4118250	27272,16399,6582,21567,6362
9055750	5134,8690,21110,2655,2367
9352750	5151
6334000	10627,9413,23120,17237,23512
1525000	9620,24601,22180,3228,11196,2257,11687
8435250	1591,23103,5697,21067,24658,5213,18024,13450,1688,15019,5306,27509,8389,2167,26318,16110,16624,10999,6431,29473,24869,1831,18730,11080,5962,9548,12627,23896,13430,10151,21427,949,13240,11196,7105,3047,4587,16889
6150750	18185,28184,17429,26523,14363,25526,15159,23779,13451,29265,15831,223,15584,28003,14952,2655,554
861750	3720,1547,5660,7456,13489,11124,28744,25420,13402,13020,19431,29203,12790,4731,28924
11923000	11328,8689
200250	18027,19973,10893,11176,14863,28230,15534,5429,11452,12352,2762,12754,22393,21672,21092,8689,9975
1074750	2048,21005,16406,22556,25117,28754,24158,11196,3699,23669,28011,3228,16550,21672,12747,14533,5320,16110,7427,11573,16252,18835,8943,11679,10171,12220,7105,16887,27092,19927,24542,1526,13307
8040000	20484,22547,16406,4125,8265,22607,6229,6246,7868,24685,24687,24598,8334,8384,22723,20676,239,20736,20764,24917,22877,22914,2452,10646,18843,29084,16797,23285,14788,10702,19193,2535,18923,27119,18936,4605,2568,6672,29203,29213,23075,16945,18996,14902,14433,2655,22633,14969,637,669,26114,15018,12977,25267,8889,6869,6880,19179,15485,27381,10999,6908,29445,11018,13070,13077,818,27444,15159,23351,25427,15192,857,9066,27501,4587,11176,23475,13259,17356,15311,3032,25586,17400,25596,23570,7221,21565,27928,7235,23623,13390,15441,3176,23662,27761,27763,9340,7304,13450,19601,3228,25759,15527,9398,23768,9472,13576,23822,23826,23857,11605,1397,21883,7552,28034,13745,15798,5573,13793,7654,22023,9745,3619,13872,28937,7743,20035,28265,28276,18038,22142,11905,3720,1681,9906,28347,14048,24299,5876,26380,19416,20253,20256,12076,26429,13621,3924,28504,24430,18292,1916,3983,26523,10144,10151,23538,22446,24503,6080,22523,4078,12285
1724000	16399,10521,5403,16552,12352,14265,19416,18024,23793,22393
6301250	8706,10329,2087,20015,19514,12352,14942,10866,25792,29330,25758,26299,7868,23232,14020,15567,15079,1773,239,11543,7975,23351,19279,22898,574,21919,8637,9712,8689,25596
6354500	5377,25605,26159
573000	17920,15389,26655,14261,13390,10325,10840,10329,23662,14976,18063,6288,23214,28885,22234,14577,768,13570,16653,19262,11080,26451,29547,21400,18868,22943,13793,504,19962
3751500	20300,18290,20661,3866,6331,16540
4336750	7680,27521,20620,19217,29203,16155,16463,569
2428500	7680,2655,26722,622,3755,28332,17640,13559,17153,14101,10518,28446,5410,21294,12429,21869,6551,13216,5086,10745,5114
8195000	10070,11790,10285,26159,25651,5185,25687,5736,8313,21121,14407,24726,679,21672,2729,8392,10970,1758,18153,8943,16624,9499,23623,1831,18736,21334,24975,19814,6548,2971,11676,16722,2478,19375,21659,15821,2513,15831
6780500	25474,2722,2227,14261,19394,4571,15584,19690,15086
3520000	17945,9563,22058,3627,1591,3677,21121,21636,17055,22688,21919,2762,23779,14055,637,28410,251,12586,22319,8508,24434,18805,3999,28065,29099,7090,7105,10702,15831,25169,8689,2899,25086
11601500	6190,15422,2655,29301,12433,6805,3745,1700,12996,24275,25309,15075,6394,14379,28936,26890,28463,29490,14666,26972,15934,10617,2960,25240,23448,6299,13737,6609,3047
2182750	19973,25245,25266,8389,18758,16974,18808,1237,26722,20079,8689,5876,16373,21110,18168
5052000	282,7868,16222,3047,12220,2683
10790500	25682,22547
1499750	18823,4286,20127,24510,20425,5213,20449,739,21054
405000	23241,2846
2088000	647,3720,12173,6290,11679,2198,3719,18167,14261,18730,17767,10381,18388,20846,13793,21883,15019,617,4078,2655,28411
1104500	21005,18448,12829,3077,22583,4169,10847,3171,1126,23143,23656,21110,5237,667,5845,14580,26877,14078,25372,6096,21838,27483,23928,13430,24975,29084,24732,1037,14068,18879,13773,17400
3096750	21729,14182,3228,10584,20184
11632250	27533,6290,26614,15773,12220,11330,4819,3555,22393
7494250	3150,12528,12855,7577,509,21991
5082750	17280,3077,28422,647,15125,21796,20575,6740,24503,11080,24026,8676,9471
4421250	10338,1591
12154500	26114,19973,17418,28184,19993,1591,15934,8792,27407,11363,18027,9838,3185,19574,14272,12933,27785,11922,5267,282,21672,7354,12475,12490,18643,7611,21217,28924,15631,26394,2853,23338,2351,16176,23623,17214,20297,9549,4949,949,27483,24929,29547,12159,7105,28548,25488,24977,5015,28065,10151,11176,3228,13226,5041,12722,8628,14266,15302,28621,22995,21838,4571,20956,17319,11767,20476
5865750	27136,9745,530,1076,11849,1610,4171,22524,29269,14943,12395,26699,4238,3228,13997,3760,26297,5845,19673,22234,1756,9462,2809,28419,28937,4366,5410,25382,2872,6985,17227,16722,20896,24917,6497,23953,18805,15222,27511,23421,9024,11652,19854,8081,5443,21911,27544,9632,1446,15089,3145,14265,11196,28746,2464,28616,24013,25060,14821,22505,28653,8689,20979,23031
11493000	6019,24844,13084,25029,5680,15400,22828,9138,2270,12352,20425,18511,29022,2787,8689
8730250	8728,3228,12068,28453,19632,1119,28876,9567,8278,28653,21728
11283500	10680,12220
239250	19973,8676,530,25372,3619,10151,19381,1591,9657,7868,13430,23878,23338,15086,16421,12647,21865,26608,9842,18805,2655,3068
6233750	146,1570,7349,15138,21865
5828250	24590,2963,15913,7978,7990,7613,9031,4808,6988,599,21849
2350750	8327,17297,21146,18075,5661,6431,25329,25372,24385,23622,24009,22736,10329,15138,4078,28410,7061
4087750	3627,26883,24964,17676,21672,23475,7868,24385,28370,2655,26605,23662,251
4153000	24966,26523,17823,18075,15269,3228,24385,1731,5330,15315,24541,14942,8943,251
6766250	12433,10893,29203,6306,21221,23861,4938,7552,22218,25101,16540,24392,29547,25329,4307,12285
1699500	28961,6840,21086
5915250	7360,11687,24052
3288750	6665,13518,17181
9592500	20480,11790,17945,5661,23071,19974,18990,16965,22094,10329,20595,27791,19107,679,15584,2826,20764,24869,6473,143,7037,2963,1962,21995,1533
11949750	2963,6571,24929,11080,6729,6096,13554,21110,25982
11613500	8439,15637,16406,26665,5803,7611,20668,2613,28641,5725,7868,251
10064500	25622,22280,15637,28466,17718,22583,16323,12489,26571,7252,8027,489,12394,19051
4376250	2826,15631,17945,27407,11176,21225,16754,14261,2233,8763,20896,12790,18281,8911,11524,4220,1903,21110,20073,12537,2655,16217
3661500	16485,7312,12754,21110
5693000	22916,21899,10014,24878,17205,14020,6480,28124,2655,18678
4852000	20037,17520,10373,647,3723,679,6331,7868,3740,13512,15094,15096,24848,9489,282,2367,4918,6473,16268,27553,10153,18371,6104,13811
7405250	21110,25372
5293250	17926,4235,23439,12058,679,27953,27446,22583,12220,1237,16343,2266,3995,1340,18292,27220,27135,9469
599750	27785,26378,27543,143,4078,18072,24986,155,17823,20386,25329,18990,14493,12977,14261,18002,16311,9657,26890,24032,26690,20297,21815,29146,5470,24415,6880,22499,3047,27370,19026,28791,12285
10713250	3720,13998,26619,20154,17087,25399,143,16079,12078,4078,1192,24059
5261000	10155,22800,13592,6148,21916,16944,18868,8786,24788,12757,366,8689,10610,11000
2807500	19458,29203,21565,19021,10840,2655,18024,20585,17024,13953,7314,5803,7465,23071,9916,3723,19149,3799,12512,16612,1253,28924,2826,1812,7963,25887,22305,27942,16463,10593,14192,7552,16258,28631,3047
3625250	3980,18202,17973,1010,5625,21372
11362000	9609,25488,22546,8851,11029,6175,14496,24225,4899,20425,14894,7868,10176,23777,21838,10962,599,22749,17376,5330
6807250	17945,26665,3627,15934,20551,19539,11885,19574,1731,18038,13020,12352,18697,29465,25372,29473,17706,12627,15192,24966,25488,10646,9120,4528,14261,8630,7096,2000,4078
7568750	3458,15748,27269,8327,19217,7706,4389,6827,15534,16564,20156,4543,16463,19668,29422,4691,12285
5121750	15138,679,17577,19113,251
9015000	7090
8129250	25090,10820,2669,24184,25209,18097,10532,27906,24844,9486,17718,22356,26971,17247,878,5554,4538,8637,28609,16323,28617,22489,9181,10718,20966
1441500	3590,15879,15883,12033,6447,2846,6326,18626,12628,16094,2791,19817,743,9209,12670
5078750	19973,25098,9236,28181,24598,17959,3627,16944,23628,26705,21110,155,679,28896,19690,25329,14580,8970,7465,7025,8851,840,14261,24015
11894500	9512,7856,14020,13518
6571750	155,16540,5661,25526,3135,10176,993,9193,15086
3350250	768,9985,1672,16009,10510,5779,24344,28059,3740,6815,504,18736,28425,3384,19615,20412,12220,22469,14413,13793,5218,21865,21914,25214
2891500	11052,3888,2257,8027,26722,6759,28393
567250	13962,24616,949,6968,21067,23251,6101,1237
2688750	23564,3181,22547,13079,21657,24601,155,7708,11176,18730,22317,14261,4281,17055,3774,17096,1739,11790,13450,12717,4571,3678,28391,679,2042,251,12285
5320000	18692,24977,13092
4809000	9193,10072
7898750	26894,26006,24196,15639,1850,5574,2999,6621,20716,19951
448250	15911,4647,1264,25715,6868,14069,18196,11029
4809750	7954,2470,11176,8389,23884,18771,934,21110
5745000	27529,9838,24923,18730,2103,2257,19417,4960,26722,29416,2669
3168000	19742
9121750	24841,6672,2593,4389,5799,5803,17846,949,3254,7354,7868,23108,2373,11977,15946,7757,21838,8327,16485,18805,17722,20338
691500	3586,2053,22547,8724,4270,18180,3613,17438,4212,8230,7963,3677,15934,7743,12352,11849,6246,1131,24687,29203,9846,9340,11018,12996,9885,12447,8358,21672,5803,20661,15988,17013,20162,14554,747,19702,24311,1788,7868,11524,27912,2826,22077,4544,11449,14625,22317,15663,834,6474,9563,12627,8792,10584,12431,19328,27501,23103,23482,12173,7061,5557,15302,4039,14071,3032,28641,23013,21500,4078,15353,12285
5226250	25090,28676,1563,10329,24669,20630,2729,12977,14020,16075,24871,12586,28463,26416,15718,2413,15854,26006,1432,12728,14276,4078,8689,510
2975500	16406,16939,4154,29265,28980,25733,5254,2198,9936,5845,16620,18730,28936,8978,4510,26394,18741,7490,21865,25994,7568,2963,14764,9645,25009,14261,3034,8689,22522,6143
10309250	24385,15192,12143,5043,20579,13350,679,21672,22961,18996,14261,2999,28148,19514,4411,24966,20257,23338,25090,21091,14942,6498,8171,20411,2160,16499,22004,21110,9340
5539250	18075,155,24258,11983,8689,25207
5642000	8193,3088,27155,22552,12316,27683,22567,7727,15423,13888,9799,21067,14930,10840,10329,16399,26716,11679,28790,2239,637,26754,7812,27272,3723,11203,23662,16540,16550,21672,2729,9333,1739,2257,28391,25214,14071,251,13070,2319,7963,4892,6880,3720,11404,5620,25424,4949,22371,17261,27511,12352,10225,13709,12686,9709,21912,24598,29084,7071,22944,8099,16818,24001,28117,14294,19416,9180,23007,11176
10047250	27172,5962,7756,18002,26845,17887,3555,17778,18167
11496750	26114,22288,16411,29084,12329,22958,10948,587,5454,6980,3555,29167,20565
10653250	2574,29203,25109,16406,14360,17823,23096,2655,7743,26691,6219,27739,23656,18024,619,4718,26737,17013,27257,643,13961,18572,143,12400,27821,3254,7868,11969,4320,20180,21723,10460,2087,23793,3828,28411,1788,1791,768,6931,15065,14119,5441,6466,22857,2891,19557,23895,11631,25747,22943,19022,1917,17297,18843,13220,15269,29099,10670,17327,26034,12728,11679,8637,16319,9152,9665,28098,25027,14788,18891,14242,3536,26067,22094,24034,12285,23549
1247000	14261
5754500	8725,7856,10282,28752,3228,15019,23214,7868,14020,23794,19198,2374,19328,24975,4014,16836,4078,12285
6412250	1672,3723,24590,23071,13354,20184,21110
6014750	18771,9829,679,28653,21110,29048
5812000	20506,12364
7657250	8236,22157,20756,10268,1756,27564,7997,9301,11578,4452,2043
9811750	9111,17822,4571,16550,12220,18678,11006
1046250	25488,21796,6438,28463,10678,14020,11983,2257,5590,6621,16550,14995
12275500	24196,24471,21930,6828,23134,18196
6099250	24598,5185,7244,10368,5803,25260,1721,7868,22258,28410,25372,837,11080,13665,1918,19335,19885,8624,13244
7976750	24194,5254,26254,13853,17438,25372,19885,9794,24066,3228,7511,15441
1953250	8719,4125,3627,13873,2610,12352,17488,12394,18024,8313,643,20102,26267,20648,2257,28370,1788,15639,23861,20918,10176,28098,20979
10696000	26378,11022,16276,19615,14887,14919,72,1995,2260,16612,3458,21110,13431,504,7038
9685000	17032,15450,3272,21338,9569,3185
4712250	20902,11026,18388
4073250	17153,22836,21067,9946,610,12792
8861500	29377,1547
7322250	15514,23861,5957,11977,16225
11142000	6163,22576,12352,11329,6770,21110,16527,18075,6823,5833,18626,2762,26852,27369,17647,15138,11080,21841,143,6500,9620,17330,4571,26605
9586500	18947,2568,26114,11790,27155,29206,10795,20029,17986,20073,20595,8842,12431,18611,7868,747,6906,24323,14643,23878,11080,25951,13888,397,25488,11687,7105,16849,4571,7660
3549000	8193,6148,8719,1563,17438,26659,7728,22577,5184,611,12395,29304,637,7297,647,5768,27791,19095,12978,29396,12017,27407,14625,17214,6465,5957,26963,9053,15079,27520,7567,3991,19381,7071,13226,4528,14261,967,27128,6621,26598,10224,504,29269
5906250	22034,23662,2729,27791,20529,15498,14048,14020,9426,20279,1739,16463,25172,21337,22880,3047,1131,22162,9340,17405
4423500	7297,22795,10176,8643,27553,1151
7143250	28181,2227,22087,28752,8277,2669,7613,8816,637,14515,13007,6868,24281,22749,14048,1773,26378,13070,308,28985,23896,15799,28641,7654,24052,510
8529750	533,1565,22204,3228,14580,8965,3361,19855,24417,24966,10136,18856,6080,22179,8689
1724250	11280,17450,17969,7354,27763,23236,9376,3760,12977,23731,18612,14020,9936,24306,13070,7952,11026,3034,14120,16176,14646,28484,26422,17748,20164,9567,10097,28024,24975,10157,22995,8149,20956,10928
887750	15019,6148,5254,21533,22305,26665,13873,3135,192,3804,11849,11730,19160,10329,19557,11652,28653,28790,251,9340
2033500	26127,11328,5185,19021,18025,18075,16540,16550,12977,712,11465,6401,22280,8261,21838,2899,4949,4452,27514,8094,11679,11176,12220,26050,984,8689
11046750	7169,5799,27198
6872750	26111
4956000	17920,26114,19466,23564,17945,16939,1583,14902,10329,13450,12977,5832,13008,26380,23826,29464,18730,19772,2891,4452,17470,25485,11176,23475,15315,2042,12285
3787750	2713,27817,17475,21991,3447
11313000	2610,23143,12394,17013,21865,18047,2715,15534,12977,6839,13431,15065,18168,11018,7963,29474,11080,6482,23896,3438,29552,24440,1917,2417,7061,18075,3228,11196,799,23491,8154,8680,27625,4078
1148000	26429
11503250	10694,12758,11745,26722,16174
11984750	7083,25260,2060,23409,4641,12329,5680,4657,17470,28230,23623,6738,6740,24149,18024,23154,3702,2683,12924,15502,15507,14020,26788,2734,21110,11465,2762,2853,9952,16110,20207,14261,251,6908,776,18697,21796,12587,17722,25653,25927,5962,9549,22328,17747,24415,14265,911,5523,6051,11176,15278,11592,23475,28128,6599,8662,8689,2899,2257,12792,25086
3590000	27395,20361,9907,2239,9922,23107,14276,29388,3533,11471,13911,4443,4958
2322750	20480,18834,12022
8215250	14020,14533,8689
4004500	28289,22547,21533,13360,10532,1831,7211,27060,1222,22732,15315,19686,360,21865,18281,22393
4880250	3720,29203,8896,19894,12220,21693,24259,27096,4699,28785,17405,21758,8277
69500	18436,19973,24598,17945,11812,26665,28727,1717,11328,8257,9290,6740,10329,23143,12394,21351,2669,4731,18843,8896,5254,647,22664,15507,5796,2929,2739,3273,5310,2240,14020,18630,6863,23251,6868,22749,17119,2000,17640,28410,17660,28889,25346,6918,9479,22280,2605,6929,2322,24851,18196,16664,6431,4571,5598,22329,9549,25425,4949,2903,143,24929,15249,11628,3438,6007,387,21392,10646,22947,8943,24486,12717,12220,12737,16836,23496,6477,15315,14294,24542,28135,27112
9288000	11328,10999
282500	15617,10247,12055,25372,12865,14020,24541,3697
9039750	25092,24978,26005,14360,13087,28961,9563,16550,16540,3627,22317,6199,27448,7105,20676,14533,2257,2513,22489,11983,4709,22887,12520,5863,14580,11645
8555500	1685,25372,12606,25299
8324500	773,8966,7943,13067,3228,12977,9657,12220,22204,17081,4949,22359,24922,2655,17747,4078,17470,12285
9199500	9946,17013
8701250	16939,17470,19037,8865,14525,18038,14048,9953,13551,18697,13079,18204,18730,1884,21919,26546,24541,2042
19500	7902,13450,6542,18575,19466,18072,22947,18630,11176,15162,8261,20551,27511,19421,2641,23662,20079,8816,26737,17747,9975,18730
1114000	14818,1827,2826,7727,26678,12420,22356,4731,3613
9103250	5377,19394,9563,14860,24405,13883,12220,17309
1365000	679,14796,7704,17855,1884
9906500	20484,17717,14360,24601,5041,3627,1080,17470,12352,6740,4709,20595,21110,4731,2227,7868,26829,19155,5863,16109,24277,18213,8000,21336,13682,7552,11328,24471,18843,21919,155,19891,24015,14292,28411,11687,8689
12388250	25345,2326,13450,27501,16965,18730,4538,2945,8149,16348,28391,23793
4814750	24385,19394,5470,11897,7868
11734000	6656,23928,4651,21400,13084,27060,14261,21219,7354,9660,13281,18772,646,28754,13647,5469,28011
6713250	2945,13592,2367,3390,14020,24344,11857,4571,21983,23541,27135
3719250	17676,273,2217,14140,21838,7409,19284
6155250	22530,6199,9290,23662,8304,7850,20661,16331,22235,1773,25329,18180,15645,7542,5015,7070,8099,29092,7096,19416,3151,28660
6264750	20388,2826,29203,8628,21110
8622000	14976,19829,27572,11125,11638,10810,8702
11747250	16918,14894,17456,23621,2655,8327,15019,28484,17331,14261,13776,4571,25596
8216500	26114,23590,23623,5705,14939,12394,8313,9341,1666,6364,8861,22688,3746,19113,3755,26288,19126,13430,2257,13020,28391,25329,25558,18712,4571,25308,16686,20785,15159,19284,26476,14400,18316,24977,24986,16540,19101,14261,16857,21979,3555,8689,1017
1838750	16818,5876
7149500	5824,20645,1675,2092,20366,14419,22970
2386250	6880,12394,10220,3534,1392,16754,27446
11352000	6163,21400,290,11176,9426
8845250	29099,15446,13830,5081,6820,28694,25631,20425,10289,29022,23698,22072,11329,23628,12394,24196,619,5267,661,9369,18075,17060,8358,6823,5803,2738,22715,28855,7868,5310,6348,11482,2270,6880,1771,26871,28924,554,24323,28631,8465,11396,25380,6438,13020,15146,28985,14995,16889,4939,16722,8540,17758,17297,18286,23187,15678,23928,19855,24977,23792,15780,934,1966,23482,11196,19394,16399,8651,13773,21461,5086,23526,8689
4853750	22240,25596
7927750	23071,5696,3658,4172,21092,27290,3228,19113,18624,20516,26341,15065,28441,25372,15661,9549,21862,12674,12680,949,20444
11527500	27791,20846,17945,25372,13240,20408,8637,6880,15315,1492,4452,3047,21110,28410,26619,25086
6754250	22533,28936,24598,17945,21796,14119,13020,26564,1739,5845,5724,3677,3555,23662,13039,12017,4731
4503500	24193,12173,17820,11936,21372,19573,27203,1867,14989,5602,7409,18421,21628,17150
7116750	26788,9549,7354,24869,22126,2257
2050000	2568,26127,17960,12329,20015,6193,10282,18996,17470,14415,6738,10329,23656,16499,9340,11201,27791,11931,22688,2731,11967,29385,27856,23779,24299,1261,239,26866,10999,6909,19203,11022,29473,10532,4412,12110,16722,1392,29334,7048,14242,21659,21929,21930,12717,22447,5043,13240,5053,4053,19928,8190
6571000	7083,28687,4125,25631,15934,9335,12410,2197,17084,18624,3803,26860,13011,27952,22877,21865,12162,25488,5009,18841,19885,14261,12220,8643,28621
2103250	10240,6145,26114,6820,19477,3627,4664,17470,14407,3151,11022,9814,12394,21110,4220,25219,6792,13450,7822,6290,18075,16540,28017,7856,2739,16564,28370,23338,18689,25372,1831,16169,5962,5458,22359,10610,27514,7567,6041,28065,7096,10176,6617,24541,22522
620500	11652,22280,10646,934,7975,3627,14261,4412,16396,4683,10702,8689,14294,20551,19160,3677,911,19179,4039,25086
4658500	2086,17453,15918,14393,16463,27741,23157,15125,12949,679,1822,15058,13020,24848,13592,25372,1831,11080,21838,7568,14261,23482,1010,26614
12015250	11080,23604,14806
2251750	1922,23308,6331,2069,6823,27446,22727,26963,6880,23143,3564,752
2316250	27155,10329,9632,4571,5796,17446,18730,12977,23475,9657,10948,18630,19632,4452,17470,8689,251
65500	25092,29202,22547,1563,21533,18990,10831,21078,11452,8304,26737,15988,9846,2693,24203,10894,21659,21672,15018,28855,14623,24764,17606,6092,23793,14073,13574,8978,12055,13020,18730,25409,7490,5443,9549,5458,18801,23928,25488,17297,6050,13737,2999,29113,7105,9175,18917,5799
12384250	26640,25124,25260,28463,12352,1533,21747,29524
2988000	13067,18575,11791,1040,7150,12606,14020,20297,18765,22482,12132,22894
4886500	14159,21110
9035750	7850,29099,25381,4479
747500	5210
11552750	16011,20630,23448,28059,25526,4281,24898,1481,5845,9814,18801,6908
3257000	15934,5218,4709,24601,21672,4298,15584,10014,25465,13734,11687,6080
3211250	25488,6148,7173,9236,24598,17945,6199,20536,13430,23204,12977,18630,22749,12541,6951,12173,11176,19416,4078
3573750	26631,778,21919,15831,19394,20035,1481,5081,3552,26871
563500	17926,10778,22058,18990,12358,120,12426,12977,20661,26307,289,15065,10970,9936,12016,17114,24865,6435,12586,28468,4418,11080,4949,23928,29084,27060,14261,8528,15937
12331000	16609,21758
11612500	19974,17431,18990,3720,6290,18075,16550,14020,17087,5845,25372,11558,1917,16818,12220,9671,14292,3555,23541,26619
11616250	21975
1173500	11780,2584,7208,4689,14930,20117,7842,5403,21681,8389,7376,13020,12329,5167,10014,18736,7997,28481,14153,24402,13174,23416,5598,19435,13295,25086
12234750	533,6681,7706,3613,5157,3627,14393,10329,26728,21110,4731,19589,5254,26779,2729,7354,22731,28370,28945,29147,22329,17771,12175,11670,2971,11682,25517,17577,24059
